# input_file=p1_0_2.tif
# Nx=2048
# Ny=2048
0 2.86818e+17
1 1.34634e+13
2 1.21506e+13
3 7.39101e+12
4 9.48991e+12
5 8.78029e+12
6 6.36481e+12
7 6.30111e+12
8 3.64805e+12
9 2.6007e+12
10 2.72536e+12
11 2.10085e+12
12 2.41938e+12
13 1.96977e+12
14 1.6354e+12
15 1.13768e+12
16 1.24051e+12
17 1.28496e+12
18 1.04322e+12
19 8.28582e+11
20 8.8763e+11
21 6.57968e+11
22 8.13892e+11
23 6.8192e+11
24 5.29385e+11
25 6.61851e+11
26 6.25624e+11
27 4.43681e+11
28 4.93084e+11
29 4.60489e+11
30 4.81325e+11
31 4.44774e+11
32 4.99827e+11
33 3.98998e+11
34 3.80196e+11
35 3.66383e+11
36 3.40532e+11
37 3.66453e+11
38 3.4092e+11
39 3.1289e+11
40 3.37186e+11
41 3.03351e+11
42 2.90354e+11
43 2.98514e+11
44 2.99856e+11
45 2.80109e+11
46 2.58548e+11
47 2.49363e+11
48 2.72612e+11
49 2.391e+11
50 2.35934e+11
51 2.44308e+11
52 2.12816e+11
53 2.46651e+11
54 1.85591e+11
55 2.01899e+11
56 2.03475e+11
57 2.06967e+11
58 1.75244e+11
59 1.81502e+11
60 2.07953e+11
61 1.79551e+11
62 1.80365e+11
63 1.89106e+11
64 1.9462e+11
65 1.81222e+11
66 1.8587e+11
67 1.74672e+11
68 1.81242e+11
69 1.6137e+11
70 1.44245e+11
71 1.40763e+11
72 1.58553e+11
73 1.32361e+11
74 1.4502e+11
75 1.43702e+11
76 1.3845e+11
77 1.3095e+11
78 1.30033e+11
79 1.28427e+11
80 1.25562e+11
81 1.17079e+11
82 1.27769e+11
83 1.24646e+11
84 1.21633e+11
85 1.2731e+11
86 1.09696e+11
87 1.15113e+11
88 1.15994e+11
89 1.099e+11
90 1.1608e+11
91 1.16953e+11
92 1.06742e+11
93 1.0068e+11
94 1.21686e+11
95 1.05475e+11
96 9.98357e+10
97 9.49451e+10
98 1.01879e+11
99 8.66864e+10
100 9.48948e+10
101 9.2427e+10
102 9.84507e+10
103 9.37213e+10
104 9.66884e+10
105 8.52788e+10
106 9.0614e+10
107 8.49645e+10
108 7.36313e+10
109 8.7028e+10
110 7.93886e+10
111 7.78162e+10
112 7.94258e+10
113 7.34891e+10
114 7.8264e+10
115 8.14665e+10
116 7.22079e+10
117 7.32336e+10
118 6.86206e+10
119 6.73045e+10
120 7.76951e+10
121 6.72044e+10
122 5.89739e+10
123 7.05367e+10
124 7.27723e+10
125 6.3087e+10
126 6.55221e+10
127 6.1149e+10
128 6.86225e+10
129 6.99531e+10
130 6.23555e+10
131 6.03876e+10
132 6.28333e+10
133 6.19937e+10
134 5.76363e+10
135 6.11172e+10
136 6.04459e+10
137 5.69178e+10
138 5.62499e+10
139 5.61796e+10
140 5.20594e+10
141 5.16268e+10
142 5.40419e+10
143 5.63792e+10
144 4.98995e+10
145 5.32085e+10
146 5.45226e+10
147 5.33846e+10
148 5.4564e+10
149 4.66054e+10
150 5.21319e+10
151 4.95816e+10
152 4.91052e+10
153 5.05608e+10
154 4.66752e+10
155 4.71048e+10
156 4.68799e+10
157 4.54011e+10
158 4.45399e+10
159 4.40302e+10
160 4.56471e+10
161 4.64156e+10
162 4.33199e+10
163 4.23155e+10
164 4.33688e+10
165 4.27593e+10
166 3.84455e+10
167 4.24814e+10
168 4.25745e+10
169 3.88293e+10
170 4.06995e+10
171 3.85276e+10
172 4.03439e+10
173 4.14231e+10
174 4.06767e+10
175 3.8855e+10
176 3.57069e+10
177 3.72505e+10
178 3.59971e+10
179 3.58874e+10
180 3.59175e+10
181 3.42299e+10
182 3.6366e+10
183 3.27977e+10
184 3.62705e+10
185 3.42347e+10
186 3.53427e+10
187 3.55436e+10
188 3.21878e+10
189 3.37286e+10
190 3.42987e+10
191 3.4954e+10
192 3.22577e+10
193 2.86306e+10
194 3.15526e+10
195 3.22997e+10
196 3.01687e+10
197 3.37206e+10
198 3.21282e+10
199 3.14979e+10
200 3.09284e+10
201 2.95215e+10
202 3.0145e+10
203 3.13079e+10
204 2.99764e+10
205 2.95618e+10
206 3.2458e+10
207 3.04437e+10
208 2.88703e+10
209 3.0078e+10
210 2.81461e+10
211 2.87785e+10
212 2.89564e+10
213 2.71905e+10
214 2.53773e+10
215 3.06227e+10
216 2.73652e+10
217 2.64385e+10
218 2.67649e+10
219 2.65376e+10
220 2.64917e+10
221 2.58686e+10
222 2.72977e+10
223 2.68066e+10
224 2.63141e+10
225 2.62907e+10
226 2.46274e+10
227 2.85575e+10
228 2.42206e+10
229 2.52515e+10
230 2.48803e+10
231 2.49933e+10
232 2.60505e+10
233 2.40503e+10
234 2.46356e+10
235 2.41995e+10
236 2.54262e+10
237 2.53991e+10
238 2.36169e+10
239 2.33392e+10
240 2.49946e+10
241 2.35552e+10
242 2.41389e+10
243 2.42333e+10
244 2.31212e+10
245 2.22323e+10
246 2.25692e+10
247 2.27445e+10
248 2.26321e+10
249 2.26539e+10
250 2.17112e+10
251 2.27038e+10
252 2.3458e+10
253 2.17365e+10
254 2.32363e+10
255 2.13327e+10
256 2.08073e+10
257 2.16776e+10
258 2.18561e+10
259 2.09034e+10
260 2.05263e+10
261 2.06459e+10
262 2.07497e+10
263 2.21033e+10
264 2.11177e+10
265 2.02176e+10
266 1.99397e+10
267 2.08086e+10
268 2.08303e+10
269 2.06071e+10
270 1.99894e+10
271 1.96923e+10
272 1.98177e+10
273 2.02396e+10
274 1.86122e+10
275 1.96892e+10
276 1.97829e+10
277 1.88691e+10
278 1.90698e+10
279 1.90338e+10
280 1.91461e+10
281 1.88906e+10
282 1.78192e+10
283 1.88452e+10
284 1.84244e+10
285 1.72113e+10
286 1.78668e+10
287 1.80807e+10
288 1.87135e+10
289 1.69605e+10
290 1.74692e+10
291 1.83253e+10
292 1.81488e+10
293 1.76237e+10
294 1.69787e+10
295 1.76741e+10
296 1.76531e+10
297 1.79468e+10
298 1.80324e+10
299 1.65288e+10
300 1.73758e+10
301 1.54402e+10
302 1.66532e+10
303 1.73447e+10
304 1.6256e+10
305 1.67889e+10
306 1.62102e+10
307 1.54678e+10
308 1.73231e+10
309 1.58108e+10
310 1.56951e+10
311 1.64897e+10
312 1.61759e+10
313 1.56269e+10
314 1.50817e+10
315 1.69333e+10
316 1.52379e+10
317 1.59506e+10
318 1.51213e+10
319 1.68449e+10
320 1.52332e+10
321 1.51343e+10
322 1.40875e+10
323 1.50805e+10
324 1.39376e+10
325 1.48345e+10
326 1.50375e+10
327 1.48834e+10
328 1.43264e+10
329 1.40516e+10
330 1.46755e+10
331 1.40232e+10
332 1.36271e+10
333 1.3989e+10
334 1.47341e+10
335 1.42364e+10
336 1.41677e+10
337 1.44974e+10
338 1.39164e+10
339 1.34589e+10
340 1.46348e+10
341 1.34436e+10
342 1.30442e+10
343 1.28369e+10
344 1.33332e+10
345 1.3433e+10
346 1.33114e+10
347 1.30727e+10
348 1.33661e+10
349 1.26315e+10
350 1.2758e+10
351 1.32772e+10
352 1.3208e+10
353 1.26384e+10
354 1.27707e+10
355 1.25433e+10
356 1.22579e+10
357 1.27868e+10
358 1.28585e+10
359 1.23458e+10
360 1.16508e+10
361 1.19017e+10
362 1.22861e+10
363 1.18814e+10
364 1.19815e+10
365 1.15443e+10
366 1.16806e+10
367 1.17072e+10
368 1.15798e+10
369 1.16766e+10
370 1.1778e+10
371 1.1559e+10
372 1.11604e+10
373 1.1449e+10
374 1.15088e+10
375 1.16413e+10
376 1.15292e+10
377 1.06863e+10
378 1.11592e+10
379 1.18657e+10
380 1.08747e+10
381 1.08873e+10
382 1.04155e+10
383 1.1016e+10
384 1.04576e+10
385 1.08484e+10
386 1.05782e+10
387 1.08279e+10
388 1.03318e+10
389 1.01809e+10
390 1.03665e+10
391 1.02252e+10
392 1.03075e+10
393 9.67274e+09
394 1.01715e+10
395 1.00822e+10
396 9.99694e+09
397 1.03038e+10
398 1.00918e+10
399 9.84768e+09
400 9.71361e+09
401 9.97425e+09
402 1.01783e+10
403 9.52524e+09
404 9.93399e+09
405 9.26874e+09
406 9.56629e+09
407 9.03125e+09
408 9.47417e+09
409 9.26457e+09
410 8.83706e+09
411 9.50819e+09
412 9.28444e+09
413 9.00044e+09
414 9.6752e+09
415 9.27829e+09
416 8.87073e+09
417 9.2648e+09
418 9.30205e+09
419 9.03498e+09
420 8.7927e+09
421 8.95659e+09
422 8.70893e+09
423 8.35568e+09
424 8.9325e+09
425 8.65625e+09
426 8.78294e+09
427 7.84344e+09
428 8.4583e+09
429 8.52772e+09
430 8.5971e+09
431 8.09301e+09
432 8.28403e+09
433 8.33527e+09
434 8.01746e+09
435 8.06955e+09
436 8.03476e+09
437 8.39055e+09
438 7.97988e+09
439 8.16116e+09
440 7.83866e+09
441 7.96043e+09
442 7.98316e+09
443 7.98003e+09
444 7.89037e+09
445 7.7521e+09
446 7.63177e+09
447 7.70103e+09
448 7.67307e+09
449 7.40043e+09
450 7.90584e+09
451 7.29768e+09
452 7.47717e+09
453 7.06203e+09
454 7.44953e+09
455 7.19372e+09
456 7.42249e+09
457 7.29396e+09
458 7.45066e+09
459 7.48531e+09
460 6.99636e+09
461 7.11996e+09
462 6.89768e+09
463 6.97889e+09
464 6.85605e+09
465 6.89872e+09
466 6.98934e+09
467 7.11802e+09
468 6.7462e+09
469 7.03092e+09
470 6.77425e+09
471 6.69275e+09
472 6.53882e+09
473 6.78712e+09
474 6.65182e+09
475 6.58348e+09
476 6.66158e+09
477 6.63531e+09
478 6.42817e+09
479 6.25811e+09
480 6.26322e+09
481 6.4718e+09
482 6.2844e+09
483 6.74111e+09
484 6.29251e+09
485 6.09736e+09
486 6.1655e+09
487 6.06773e+09
488 6.23602e+09
489 6.17878e+09
490 5.85627e+09
491 6.13623e+09
492 5.75104e+09
493 5.89195e+09
494 5.89465e+09
495 6.11808e+09
496 6.26224e+09
497 5.7351e+09
498 5.62622e+09
499 6.03306e+09
500 5.86824e+09
501 5.6878e+09
502 5.71604e+09
503 5.73965e+09
504 5.51895e+09
505 5.52229e+09
506 5.67687e+09
507 5.94476e+09
508 5.63772e+09
509 5.4687e+09
510 5.62597e+09
511 5.55058e+09
512 5.37946e+09
513 5.49853e+09
514 5.4002e+09
515 5.43212e+09
516 5.31136e+09
517 5.21278e+09
518 5.45567e+09
519 5.024e+09
520 5.36498e+09
521 4.97649e+09
522 5.38325e+09
523 5.12219e+09
524 5.24416e+09
525 5.08581e+09
526 4.98713e+09
527 4.93985e+09
528 4.61723e+09
529 5.00432e+09
530 4.81677e+09
531 4.91148e+09
532 4.88666e+09
533 4.65751e+09
534 4.99329e+09
535 5.01367e+09
536 4.84778e+09
537 4.88316e+09
538 4.82463e+09
539 4.88073e+09
540 4.73819e+09
541 4.78181e+09
542 4.63302e+09
543 4.68802e+09
544 4.57465e+09
545 4.70207e+09
546 4.49546e+09
547 4.68844e+09
548 4.41534e+09
549 4.70325e+09
550 4.47143e+09
551 4.54631e+09
552 4.3866e+09
553 4.30212e+09
554 4.29818e+09
555 4.19518e+09
556 4.29852e+09
557 4.42522e+09
558 4.25766e+09
559 4.21753e+09
560 4.24808e+09
561 4.19441e+09
562 4.05629e+09
563 4.20676e+09
564 4.00943e+09
565 4.28376e+09
566 4.21899e+09
567 4.245e+09
568 4.12639e+09
569 4.01005e+09
570 4.02395e+09
571 3.9206e+09
572 4.12651e+09
573 3.98831e+09
574 3.92359e+09
575 3.91389e+09
576 3.74083e+09
577 4.06897e+09
578 3.77166e+09
579 3.84066e+09
580 3.68424e+09
581 3.85673e+09
582 3.67799e+09
583 3.76328e+09
584 3.8847e+09
585 3.77179e+09
586 3.78115e+09
587 3.74129e+09
588 3.64853e+09
589 3.62048e+09
590 3.50339e+09
591 3.58861e+09
592 3.7437e+09
593 3.55228e+09
594 3.47875e+09
595 3.64012e+09
596 3.49827e+09
597 3.43266e+09
598 3.54489e+09
599 3.59324e+09
600 3.44795e+09
601 3.3537e+09
602 3.39549e+09
603 3.49393e+09
604 3.53353e+09
605 3.40129e+09
606 3.37578e+09
607 3.3727e+09
608 3.27345e+09
609 3.41534e+09
610 3.34395e+09
611 3.23278e+09
612 3.37681e+09
613 3.05997e+09
614 3.3324e+09
615 3.21096e+09
616 3.12262e+09
617 3.02442e+09
618 3.14748e+09
619 3.05444e+09
620 3.0308e+09
621 3.04481e+09
622 2.99325e+09
623 3.01351e+09
624 3.0747e+09
625 3.03713e+09
626 3.11619e+09
627 3.01881e+09
628 3.05605e+09
629 3.04565e+09
630 2.87265e+09
631 2.90383e+09
632 2.96257e+09
633 2.92967e+09
634 2.95656e+09
635 2.99164e+09
636 2.86832e+09
637 2.8793e+09
638 2.77147e+09
639 2.73789e+09
640 2.90156e+09
641 2.84323e+09
642 2.96606e+09
643 2.76995e+09
644 2.72728e+09
645 2.84701e+09
646 2.69698e+09
647 2.73851e+09
648 2.73669e+09
649 2.67928e+09
650 2.67872e+09
651 2.76499e+09
652 2.65855e+09
653 2.6399e+09
654 2.64442e+09
655 2.70209e+09
656 2.67551e+09
657 2.60869e+09
658 2.65454e+09
659 2.51743e+09
660 2.60082e+09
661 2.61607e+09
662 2.54598e+09
663 2.46651e+09
664 2.4893e+09
665 2.55221e+09
666 2.55146e+09
667 2.40847e+09
668 2.47339e+09
669 2.46701e+09
670 2.49305e+09
671 2.55906e+09
672 2.4216e+09
673 2.31674e+09
674 2.4078e+09
675 2.32809e+09
676 2.39733e+09
677 2.39023e+09
678 2.36258e+09
679 2.4352e+09
680 2.31591e+09
681 2.20225e+09
682 2.2509e+09
683 2.37417e+09
684 2.33147e+09
685 2.39875e+09
686 2.21651e+09
687 2.22498e+09
688 2.23532e+09
689 2.23089e+09
690 2.26684e+09
691 2.22624e+09
692 2.16466e+09
693 2.22207e+09
694 2.12015e+09
695 2.13103e+09
696 2.12883e+09
697 2.16193e+09
698 2.13093e+09
699 2.07637e+09
700 2.16515e+09
701 2.04373e+09
702 2.14398e+09
703 2.0345e+09
704 2.02995e+09
705 2.04125e+09
706 2.06738e+09
707 2.11136e+09
708 1.97231e+09
709 2.05214e+09
710 2.01743e+09
711 2.0422e+09
712 2.06166e+09
713 2.0078e+09
714 1.98178e+09
715 1.98599e+09
716 1.94733e+09
717 1.98169e+09
718 1.94456e+09
719 1.91397e+09
720 1.9602e+09
721 1.89578e+09
722 1.89716e+09
723 1.82807e+09
724 1.91954e+09
725 1.85458e+09
726 1.83789e+09
727 1.91118e+09
728 1.82402e+09
729 1.89435e+09
730 1.8491e+09
731 1.86416e+09
732 1.7508e+09
733 1.76523e+09
734 1.80579e+09
735 1.79781e+09
736 1.76989e+09
737 1.86444e+09
738 1.80913e+09
739 1.77722e+09
740 1.72984e+09
741 1.76265e+09
742 1.75241e+09
743 1.65837e+09
744 1.66838e+09
745 1.68623e+09
746 1.72483e+09
747 1.70738e+09
748 1.71594e+09
749 1.74869e+09
750 1.61891e+09
751 1.64405e+09
752 1.66619e+09
753 1.65452e+09
754 1.67279e+09
755 1.65422e+09
756 1.60057e+09
757 1.5192e+09
758 1.61216e+09
759 1.57974e+09
760 1.6239e+09
761 1.60128e+09
762 1.61077e+09
763 1.57504e+09
764 1.56547e+09
765 1.62862e+09
766 1.59716e+09
767 1.48632e+09
768 1.56835e+09
769 1.5356e+09
770 1.56637e+09
771 1.504e+09
772 1.54987e+09
773 1.46882e+09
774 1.48257e+09
775 1.5144e+09
776 1.56432e+09
777 1.44694e+09
778 1.5016e+09
779 1.49556e+09
780 1.4738e+09
781 1.43657e+09
782 1.49311e+09
783 1.4736e+09
784 1.41782e+09
785 1.40592e+09
786 1.42517e+09
787 1.40408e+09
788 1.42641e+09
789 1.41263e+09
790 1.3971e+09
791 1.45856e+09
792 1.38356e+09
793 1.39565e+09
794 1.36701e+09
795 1.35579e+09
796 1.4032e+09
797 1.3147e+09
798 1.40361e+09
799 1.3067e+09
800 1.40402e+09
801 1.38771e+09
802 1.38673e+09
803 1.39763e+09
804 1.35091e+09
805 1.31329e+09
806 1.30764e+09
807 1.30066e+09
808 1.35003e+09
809 1.32822e+09
810 1.33759e+09
811 1.29766e+09
812 1.28161e+09
813 1.26025e+09
814 1.2962e+09
815 1.25987e+09
816 1.29352e+09
817 1.26351e+09
818 1.29347e+09
819 1.2657e+09
820 1.27824e+09
821 1.25978e+09
822 1.28624e+09
823 1.25118e+09
824 1.21893e+09
825 1.22324e+09
826 1.23787e+09
827 1.22373e+09
828 1.23647e+09
829 1.20935e+09
830 1.21768e+09
831 1.21797e+09
832 1.19009e+09
833 1.17246e+09
834 1.21635e+09
835 1.172e+09
836 1.19833e+09
837 1.19286e+09
838 1.18932e+09
839 1.17387e+09
840 1.18432e+09
841 1.18095e+09
842 1.14507e+09
843 1.18722e+09
844 1.18353e+09
845 1.13544e+09
846 1.14585e+09
847 1.13191e+09
848 1.14933e+09
849 1.10145e+09
850 1.13963e+09
851 1.08052e+09
852 1.18351e+09
853 1.12378e+09
854 1.13465e+09
855 1.09791e+09
856 1.09216e+09
857 1.1244e+09
858 1.09763e+09
859 1.11061e+09
860 1.08422e+09
861 1.07529e+09
862 1.02611e+09
863 1.08964e+09
864 1.08682e+09
865 1.06585e+09
866 1.1219e+09
867 1.07098e+09
868 1.04276e+09
869 1.09283e+09
870 1.03531e+09
871 1.11485e+09
872 1.04929e+09
873 1.03595e+09
874 1.04098e+09
875 1.07422e+09
876 1.03928e+09
877 1.04463e+09
878 9.87982e+08
879 1.03733e+09
880 9.79359e+08
881 1.03399e+09
882 1.00757e+09
883 9.94051e+08
884 1.03661e+09
885 9.93559e+08
886 1.0181e+09
887 9.72764e+08
888 9.60178e+08
889 1.01026e+09
890 9.87945e+08
891 9.91507e+08
892 9.90398e+08
893 1.00426e+09
894 9.92006e+08
895 9.6563e+08
896 9.67295e+08
897 9.36931e+08
898 9.76401e+08
899 9.81905e+08
900 9.61604e+08
901 9.30144e+08
902 9.6998e+08
903 9.35376e+08
904 9.39819e+08
905 9.47588e+08
906 9.60633e+08
907 9.28711e+08
908 9.33439e+08
909 9.49825e+08
910 9.48577e+08
911 9.18761e+08
912 9.06291e+08
913 9.4935e+08
914 9.26375e+08
915 9.13733e+08
916 9.35819e+08
917 9.30631e+08
918 9.07457e+08
919 9.32918e+08
920 9.09507e+08
921 9.33626e+08
922 8.79797e+08
923 9.01645e+08
924 9.16252e+08
925 8.87706e+08
926 9.10072e+08
927 8.65547e+08
928 8.82849e+08
929 8.77634e+08
930 8.92983e+08
931 8.65932e+08
932 8.76783e+08
933 8.63195e+08
934 8.69538e+08
935 9.00696e+08
936 8.69798e+08
937 9.03567e+08
938 8.62879e+08
939 8.6057e+08
940 8.91494e+08
941 8.41373e+08
942 8.58492e+08
943 8.84071e+08
944 8.56057e+08
945 8.56377e+08
946 8.32853e+08
947 8.49206e+08
948 8.25941e+08
949 8.31884e+08
950 8.58415e+08
951 8.42482e+08
952 8.32759e+08
953 8.43333e+08
954 8.35886e+08
955 8.2237e+08
956 8.23759e+08
957 8.14503e+08
958 8.33314e+08
959 8.55714e+08
960 8.19626e+08
961 8.30464e+08
962 8.25646e+08
963 8.32633e+08
964 8.36347e+08
965 8.06139e+08
966 8.07959e+08
967 8.05244e+08
968 8.16438e+08
969 8.07351e+08
970 8.00144e+08
971 8.1738e+08
972 7.94623e+08
973 7.90993e+08
974 8.02678e+08
975 7.91422e+08
976 8.01797e+08
977 7.91562e+08
978 7.98376e+08
979 8.10568e+08
980 8.06421e+08
981 8.06367e+08
982 7.78853e+08
983 8.00332e+08
984 8.02281e+08
985 7.87828e+08
986 7.94244e+08
987 7.99538e+08
988 7.98418e+08
989 7.56624e+08
990 7.77974e+08
991 7.73182e+08
992 7.56542e+08
993 7.95615e+08
994 7.58146e+08
995 7.6589e+08
996 7.88624e+08
997 7.67669e+08
998 7.78657e+08
999 7.57106e+08
1000 7.65569e+08
1001 7.77773e+08
1002 7.44597e+08
1003 7.68873e+08
1004 7.53796e+08
1005 7.6094e+08
1006 7.81516e+08
1007 7.48471e+08
1008 7.49726e+08
1009 7.43611e+08
1010 7.43831e+08
1011 7.57108e+08
1012 7.30896e+08
1013 7.70937e+08
1014 7.53787e+08
1015 7.34313e+08
1016 7.69931e+08
1017 7.37263e+08
1018 7.45185e+08
1019 7.5249e+08
1020 7.46019e+08
1021 7.35718e+08
1022 7.49946e+08
1023 7.40691e+08
1024 7.70773e+08
