# input_file=p1_0_3.tif
# Nx=2048
# Ny=2048
0 2.87473e+17
1 2.48187e+13
2 1.19926e+13
3 1.07481e+13
4 1.09964e+13
5 6.33113e+12
6 4.77281e+12
7 5.99526e+12
8 3.57735e+12
9 3.76062e+12
10 2.61746e+12
11 3.01012e+12
12 2.09193e+12
13 2.03811e+12
14 2.08057e+12
15 1.5015e+12
16 1.06125e+12
17 1.31781e+12
18 1.1988e+12
19 1.05515e+12
20 8.83604e+11
21 8.32243e+11
22 9.01596e+11
23 7.09195e+11
24 5.95569e+11
25 6.35482e+11
26 6.30198e+11
27 5.34978e+11
28 5.02265e+11
29 5.11852e+11
30 5.13795e+11
31 5.59033e+11
32 4.38582e+11
33 4.35611e+11
34 4.62502e+11
35 3.86029e+11
36 3.91591e+11
37 3.87996e+11
38 3.07761e+11
39 2.96079e+11
40 2.95155e+11
41 3.47149e+11
42 3.41787e+11
43 3.39527e+11
44 3.16556e+11
45 2.88748e+11
46 2.52493e+11
47 2.94633e+11
48 2.71789e+11
49 2.63975e+11
50 2.50274e+11
51 2.43337e+11
52 2.23814e+11
53 2.32596e+11
54 2.19199e+11
55 2.27872e+11
56 1.92876e+11
57 2.11172e+11
58 1.86635e+11
59 2.05003e+11
60 2.00334e+11
61 1.86518e+11
62 2.09914e+11
63 1.88896e+11
64 1.68178e+11
65 1.60476e+11
66 1.69904e+11
67 1.71568e+11
68 1.49198e+11
69 1.37587e+11
70 1.47298e+11
71 1.48249e+11
72 1.57322e+11
73 1.54052e+11
74 1.34803e+11
75 1.44949e+11
76 1.4574e+11
77 1.32843e+11
78 1.25315e+11
79 1.2453e+11
80 1.24785e+11
81 1.41515e+11
82 1.29768e+11
83 1.24421e+11
84 1.22585e+11
85 1.12159e+11
86 1.14251e+11
87 1.01391e+11
88 1.1176e+11
89 1.10627e+11
90 1.1011e+11
91 1.15335e+11
92 1.05478e+11
93 1.01995e+11
94 1.00403e+11
95 9.43383e+10
96 9.24027e+10
97 8.88955e+10
98 9.41442e+10
99 9.14191e+10
100 1.01066e+11
101 7.882e+10
102 9.29736e+10
103 8.52523e+10
104 8.62296e+10
105 9.56991e+10
106 9.71301e+10
107 8.28887e+10
108 8.10713e+10
109 8.09601e+10
110 7.89661e+10
111 8.0378e+10
112 7.47583e+10
113 7.79357e+10
114 7.296e+10
115 6.93627e+10
116 7.13974e+10
117 7.04033e+10
118 6.76843e+10
119 6.0329e+10
120 6.17706e+10
121 6.60459e+10
122 6.85725e+10
123 6.96406e+10
124 6.71039e+10
125 6.90209e+10
126 6.48399e+10
127 6.21203e+10
128 5.93538e+10
129 6.24122e+10
130 5.80201e+10
131 5.95697e+10
132 5.50556e+10
133 5.5993e+10
134 5.65853e+10
135 5.80822e+10
136 5.05257e+10
137 5.70849e+10
138 5.37284e+10
139 5.48247e+10
140 5.11205e+10
141 5.17908e+10
142 5.09564e+10
143 5.09549e+10
144 5.03378e+10
145 4.87057e+10
146 4.58228e+10
147 4.65331e+10
148 4.90725e+10
149 4.75631e+10
150 4.57973e+10
151 4.5586e+10
152 4.30102e+10
153 4.63496e+10
154 4.60103e+10
155 4.19674e+10
156 4.3016e+10
157 4.48066e+10
158 4.1552e+10
159 4.26978e+10
160 4.04466e+10
161 4.21556e+10
162 4.11168e+10
163 3.96337e+10
164 4.20658e+10
165 4.065e+10
166 3.84703e+10
167 3.72152e+10
168 3.88891e+10
169 3.72877e+10
170 4.28083e+10
171 3.72761e+10
172 3.63318e+10
173 3.6255e+10
174 3.64502e+10
175 3.54371e+10
176 3.53563e+10
177 3.58205e+10
178 3.5236e+10
179 3.42747e+10
180 3.26526e+10
181 3.6782e+10
182 3.47391e+10
183 3.42417e+10
184 3.58927e+10
185 3.44009e+10
186 3.29926e+10
187 3.18013e+10
188 3.26386e+10
189 3.17854e+10
190 3.09193e+10
191 3.24781e+10
192 3.10589e+10
193 2.98165e+10
194 3.37698e+10
195 2.96165e+10
196 3.17746e+10
197 3.05674e+10
198 3.00783e+10
199 3.05901e+10
200 3.17641e+10
201 3.00597e+10
202 2.78113e+10
203 3.20967e+10
204 2.97493e+10
205 2.90416e+10
206 2.81012e+10
207 2.73984e+10
208 3.02147e+10
209 2.89948e+10
210 2.61361e+10
211 2.56952e+10
212 2.60312e+10
213 2.66362e+10
214 2.50631e+10
215 2.57614e+10
216 2.47108e+10
217 2.7071e+10
218 2.54706e+10
219 2.44716e+10
220 2.45601e+10
221 2.61869e+10
222 2.78578e+10
223 2.49192e+10
224 2.4376e+10
225 2.64343e+10
226 2.7107e+10
227 2.41153e+10
228 2.53235e+10
229 2.56381e+10
230 2.56474e+10
231 2.40452e+10
232 2.31345e+10
233 2.28649e+10
234 2.44005e+10
235 2.41955e+10
236 2.35672e+10
237 2.34682e+10
238 2.31252e+10
239 2.34427e+10
240 2.23594e+10
241 2.21608e+10
242 2.26112e+10
243 2.24302e+10
244 2.33047e+10
245 2.09875e+10
246 2.19538e+10
247 2.12588e+10
248 2.26715e+10
249 2.14298e+10
250 2.32502e+10
251 2.14507e+10
252 2.08116e+10
253 2.14071e+10
254 2.0643e+10
255 2.0305e+10
256 2.01868e+10
257 2.03316e+10
258 2.1077e+10
259 2.1307e+10
260 1.91276e+10
261 1.99863e+10
262 1.90541e+10
263 2.02291e+10
264 2.12139e+10
265 2.00279e+10
266 1.85088e+10
267 1.90975e+10
268 1.89101e+10
269 1.87657e+10
270 1.89601e+10
271 1.87868e+10
272 1.94726e+10
273 1.8417e+10
274 1.85973e+10
275 1.87369e+10
276 1.79878e+10
277 1.84233e+10
278 2.01584e+10
279 1.78741e+10
280 2.03722e+10
281 1.81281e+10
282 1.84221e+10
283 1.77689e+10
284 1.76486e+10
285 1.7778e+10
286 1.7989e+10
287 1.68979e+10
288 1.70294e+10
289 1.76189e+10
290 1.7565e+10
291 1.70034e+10
292 1.69974e+10
293 1.5939e+10
294 1.70246e+10
295 1.6933e+10
296 1.62119e+10
297 1.70317e+10
298 1.65813e+10
299 1.50512e+10
300 1.61866e+10
301 1.62646e+10
302 1.6495e+10
303 1.61264e+10
304 1.44988e+10
305 1.58216e+10
306 1.69315e+10
307 1.53303e+10
308 1.60843e+10
309 1.51216e+10
310 1.56057e+10
311 1.54558e+10
312 1.53619e+10
313 1.44197e+10
314 1.50402e+10
315 1.53566e+10
316 1.49975e+10
317 1.47103e+10
318 1.47996e+10
319 1.43277e+10
320 1.5757e+10
321 1.43277e+10
322 1.42706e+10
323 1.51061e+10
324 1.49129e+10
325 1.33459e+10
326 1.46255e+10
327 1.43292e+10
328 1.42047e+10
329 1.36387e+10
330 1.33566e+10
331 1.41355e+10
332 1.28228e+10
333 1.40599e+10
334 1.35177e+10
335 1.36112e+10
336 1.39227e+10
337 1.25158e+10
338 1.33211e+10
339 1.32213e+10
340 1.29663e+10
341 1.35193e+10
342 1.29699e+10
343 1.31655e+10
344 1.23192e+10
345 1.2488e+10
346 1.2069e+10
347 1.27679e+10
348 1.28673e+10
349 1.19169e+10
350 1.19502e+10
351 1.22146e+10
352 1.24056e+10
353 1.22686e+10
354 1.2331e+10
355 1.21565e+10
356 1.23466e+10
357 1.25018e+10
358 1.16608e+10
359 1.11255e+10
360 1.1407e+10
361 1.15374e+10
362 1.11512e+10
363 1.14535e+10
364 1.17625e+10
365 1.13961e+10
366 1.13814e+10
367 1.09879e+10
368 1.15595e+10
369 1.11473e+10
370 1.05679e+10
371 1.08239e+10
372 1.09615e+10
373 1.09715e+10
374 1.10367e+10
375 1.08026e+10
376 1.05593e+10
377 1.10036e+10
378 1.01395e+10
379 1.0081e+10
380 1.08525e+10
381 1.03033e+10
382 1.06826e+10
383 1.00483e+10
384 1.02329e+10
385 1.01658e+10
386 9.80614e+09
387 1.02384e+10
388 1.01549e+10
389 1.0113e+10
390 1.03357e+10
391 9.71702e+09
392 1.00387e+10
393 1.01491e+10
394 9.79285e+09
395 1.00075e+10
396 9.85953e+09
397 9.61626e+09
398 9.77483e+09
399 9.39649e+09
400 8.68689e+09
401 9.59437e+09
402 9.82707e+09
403 9.11379e+09
404 9.3571e+09
405 9.21681e+09
406 8.84906e+09
407 8.71689e+09
408 9.04255e+09
409 9.09971e+09
410 8.90202e+09
411 8.79963e+09
412 8.81738e+09
413 8.81039e+09
414 8.97692e+09
415 8.98568e+09
416 8.4761e+09
417 8.5551e+09
418 8.79283e+09
419 8.78555e+09
420 9.06972e+09
421 8.47942e+09
422 8.29495e+09
423 8.58781e+09
424 8.79136e+09
425 8.29623e+09
426 7.95816e+09
427 8.26967e+09
428 8.16015e+09
429 8.27935e+09
430 8.25394e+09
431 7.79747e+09
432 7.84963e+09
433 7.75052e+09
434 7.84059e+09
435 8.0839e+09
436 7.75255e+09
437 7.90446e+09
438 7.89654e+09
439 7.69317e+09
440 7.53796e+09
441 7.89295e+09
442 7.49399e+09
443 7.75719e+09
444 7.36808e+09
445 7.60574e+09
446 7.14871e+09
447 7.34433e+09
448 7.17151e+09
449 7.4747e+09
450 7.64308e+09
451 7.22974e+09
452 7.28545e+09
453 7.37783e+09
454 7.11971e+09
455 7.06934e+09
456 7.28556e+09
457 7.03119e+09
458 6.91978e+09
459 7.06959e+09
460 6.68983e+09
461 6.95894e+09
462 6.61765e+09
463 6.59744e+09
464 6.6621e+09
465 6.8175e+09
466 6.65159e+09
467 6.64767e+09
468 6.48623e+09
469 6.43464e+09
470 6.29182e+09
471 6.4365e+09
472 6.72974e+09
473 6.81609e+09
474 6.59045e+09
475 6.50206e+09
476 6.41329e+09
477 6.1311e+09
478 6.33297e+09
479 6.26727e+09
480 6.49176e+09
481 6.25069e+09
482 6.21975e+09
483 6.24566e+09
484 6.25353e+09
485 5.87296e+09
486 6.05052e+09
487 5.96707e+09
488 5.73963e+09
489 5.7532e+09
490 5.67539e+09
491 5.92727e+09
492 5.87525e+09
493 6.01992e+09
494 5.69374e+09
495 5.92872e+09
496 5.6552e+09
497 5.63962e+09
498 5.82227e+09
499 5.67278e+09
500 5.72713e+09
501 5.60655e+09
502 5.7955e+09
503 5.30879e+09
504 5.25119e+09
505 5.63952e+09
506 5.31156e+09
507 5.36226e+09
508 5.22892e+09
509 5.36416e+09
510 5.18818e+09
511 5.10286e+09
512 5.19902e+09
513 5.14189e+09
514 5.23609e+09
515 5.19798e+09
516 5.29854e+09
517 4.94277e+09
518 5.07423e+09
519 5.19491e+09
520 5.15378e+09
521 4.88885e+09
522 5.04081e+09
523 4.85628e+09
524 5.06875e+09
525 4.82919e+09
526 5.03326e+09
527 4.69891e+09
528 4.7037e+09
529 4.78084e+09
530 4.91888e+09
531 4.66319e+09
532 4.75178e+09
533 4.67824e+09
534 4.77759e+09
535 4.80499e+09
536 4.61918e+09
537 4.75943e+09
538 4.62825e+09
539 4.51392e+09
540 4.54923e+09
541 4.57402e+09
542 4.41118e+09
543 4.44967e+09
544 4.46023e+09
545 4.48602e+09
546 4.35987e+09
547 4.25667e+09
548 4.42359e+09
549 4.1946e+09
550 4.18528e+09
551 4.21469e+09
552 4.29025e+09
553 4.25514e+09
554 4.36754e+09
555 4.30535e+09
556 4.27519e+09
557 4.13058e+09
558 4.14151e+09
559 4.15092e+09
560 4.0698e+09
561 4.08486e+09
562 4.20356e+09
563 4.16024e+09
564 3.88735e+09
565 3.87758e+09
566 3.94199e+09
567 3.849e+09
568 3.97775e+09
569 3.86727e+09
570 3.85211e+09
571 3.68595e+09
572 3.86314e+09
573 3.98027e+09
574 3.73968e+09
575 3.87805e+09
576 3.74586e+09
577 3.82261e+09
578 3.81308e+09
579 3.74094e+09
580 3.73623e+09
581 3.61113e+09
582 3.72738e+09
583 3.53686e+09
584 3.83757e+09
585 3.63837e+09
586 3.64424e+09
587 3.54076e+09
588 3.54867e+09
589 3.56935e+09
590 3.54506e+09
591 3.44086e+09
592 3.68403e+09
593 3.35224e+09
594 3.50936e+09
595 3.4626e+09
596 3.51586e+09
597 3.39617e+09
598 3.49279e+09
599 3.364e+09
600 3.33159e+09
601 3.36649e+09
602 3.33417e+09
603 3.37322e+09
604 3.31628e+09
605 3.24804e+09
606 3.11461e+09
607 3.25922e+09
608 3.25814e+09
609 3.34879e+09
610 3.20363e+09
611 3.33666e+09
612 3.30007e+09
613 3.14344e+09
614 3.20419e+09
615 3.17636e+09
616 2.99684e+09
617 3.09756e+09
618 3.12817e+09
619 3.07284e+09
620 3.02507e+09
621 3.05215e+09
622 2.90109e+09
623 2.9944e+09
624 2.95405e+09
625 2.8922e+09
626 2.89153e+09
627 2.82657e+09
628 2.95435e+09
629 2.91052e+09
630 2.86833e+09
631 2.88936e+09
632 2.72402e+09
633 2.84007e+09
634 2.74069e+09
635 2.77162e+09
636 2.78021e+09
637 2.72996e+09
638 2.79742e+09
639 2.8019e+09
640 2.83721e+09
641 2.70308e+09
642 2.6733e+09
643 2.721e+09
644 2.76745e+09
645 2.71997e+09
646 2.65015e+09
647 2.59281e+09
648 2.60679e+09
649 2.68386e+09
650 2.64335e+09
651 2.53362e+09
652 2.51855e+09
653 2.7039e+09
654 2.59119e+09
655 2.5378e+09
656 2.6293e+09
657 2.57958e+09
658 2.49088e+09
659 2.44803e+09
660 2.4468e+09
661 2.52691e+09
662 2.39416e+09
663 2.33923e+09
664 2.39303e+09
665 2.31061e+09
666 2.38298e+09
667 2.47493e+09
668 2.42496e+09
669 2.37894e+09
670 2.35302e+09
671 2.32019e+09
672 2.28865e+09
673 2.36695e+09
674 2.31036e+09
675 2.37829e+09
676 2.2685e+09
677 2.35249e+09
678 2.40001e+09
679 2.19566e+09
680 2.29081e+09
681 2.27456e+09
682 2.28935e+09
683 2.2514e+09
684 2.16548e+09
685 2.17366e+09
686 2.2175e+09
687 2.16251e+09
688 2.15514e+09
689 2.09483e+09
690 2.06533e+09
691 2.14239e+09
692 2.12441e+09
693 2.23239e+09
694 2.06532e+09
695 2.0302e+09
696 2.08629e+09
697 2.02537e+09
698 2.08081e+09
699 2.12646e+09
700 2.11812e+09
701 2.0421e+09
702 2.10394e+09
703 1.97157e+09
704 1.96898e+09
705 2.01121e+09
706 1.97323e+09
707 1.97628e+09
708 1.99548e+09
709 1.92126e+09
710 1.97817e+09
711 1.9238e+09
712 1.95039e+09
713 1.9362e+09
714 1.9214e+09
715 1.93342e+09
716 1.8697e+09
717 1.90082e+09
718 1.89721e+09
719 1.91861e+09
720 1.88025e+09
721 1.79284e+09
722 1.81969e+09
723 1.80297e+09
724 1.87132e+09
725 1.82727e+09
726 1.82298e+09
727 1.79946e+09
728 1.80964e+09
729 1.76727e+09
730 1.82408e+09
731 1.73245e+09
732 1.83198e+09
733 1.74829e+09
734 1.76723e+09
735 1.7643e+09
736 1.78896e+09
737 1.7856e+09
738 1.71971e+09
739 1.80331e+09
740 1.75074e+09
741 1.67703e+09
742 1.65082e+09
743 1.7055e+09
744 1.67196e+09
745 1.66182e+09
746 1.75809e+09
747 1.62635e+09
748 1.62381e+09
749 1.63287e+09
750 1.67093e+09
751 1.62836e+09
752 1.59262e+09
753 1.58891e+09
754 1.61657e+09
755 1.62324e+09
756 1.6212e+09
757 1.63521e+09
758 1.55717e+09
759 1.59539e+09
760 1.53223e+09
761 1.55879e+09
762 1.52789e+09
763 1.54757e+09
764 1.53235e+09
765 1.53427e+09
766 1.55854e+09
767 1.49286e+09
768 1.54022e+09
769 1.53442e+09
770 1.50622e+09
771 1.4759e+09
772 1.53165e+09
773 1.44923e+09
774 1.44576e+09
775 1.47903e+09
776 1.44504e+09
777 1.47938e+09
778 1.41397e+09
779 1.43489e+09
780 1.45551e+09
781 1.47446e+09
782 1.4274e+09
783 1.41015e+09
784 1.41538e+09
785 1.42661e+09
786 1.42431e+09
787 1.38523e+09
788 1.39763e+09
789 1.40251e+09
790 1.35658e+09
791 1.39312e+09
792 1.35395e+09
793 1.40215e+09
794 1.36595e+09
795 1.33469e+09
796 1.33495e+09
797 1.29256e+09
798 1.33121e+09
799 1.36809e+09
800 1.3325e+09
801 1.27287e+09
802 1.25476e+09
803 1.27882e+09
804 1.26207e+09
805 1.29538e+09
806 1.30802e+09
807 1.32849e+09
808 1.28706e+09
809 1.28874e+09
810 1.29394e+09
811 1.26581e+09
812 1.27034e+09
813 1.30988e+09
814 1.24381e+09
815 1.26172e+09
816 1.27093e+09
817 1.22459e+09
818 1.23024e+09
819 1.17243e+09
820 1.23495e+09
821 1.2252e+09
822 1.21151e+09
823 1.20994e+09
824 1.20685e+09
825 1.16645e+09
826 1.16363e+09
827 1.19855e+09
828 1.14276e+09
829 1.13327e+09
830 1.14219e+09
831 1.18045e+09
832 1.13507e+09
833 1.1506e+09
834 1.21145e+09
835 1.17821e+09
836 1.16497e+09
837 1.11527e+09
838 1.14825e+09
839 1.12462e+09
840 1.09222e+09
841 1.14549e+09
842 1.12847e+09
843 1.11443e+09
844 1.11308e+09
845 1.11322e+09
846 1.0773e+09
847 1.06764e+09
848 1.09522e+09
849 1.0864e+09
850 1.09981e+09
851 1.07349e+09
852 1.13964e+09
853 1.09221e+09
854 1.10829e+09
855 1.08717e+09
856 1.05451e+09
857 1.08745e+09
858 1.09424e+09
859 1.03732e+09
860 1.05037e+09
861 1.07548e+09
862 1.07778e+09
863 1.09359e+09
864 1.01523e+09
865 1.09256e+09
866 1.01682e+09
867 1.04337e+09
868 1.0038e+09
869 1.0053e+09
870 1.00022e+09
871 9.96125e+08
872 1.0031e+09
873 1.02658e+09
874 1.06373e+09
875 9.90388e+08
876 9.90775e+08
877 9.77186e+08
878 1.00227e+09
879 1.01057e+09
880 9.69238e+08
881 9.85865e+08
882 9.5461e+08
883 9.55671e+08
884 9.54194e+08
885 9.56919e+08
886 9.5822e+08
887 9.54207e+08
888 9.5142e+08
889 9.72382e+08
890 9.66556e+08
891 9.71845e+08
892 9.39641e+08
893 9.55926e+08
894 9.24623e+08
895 9.33738e+08
896 9.31099e+08
897 9.40904e+08
898 9.38389e+08
899 9.31002e+08
900 9.03451e+08
901 9.19567e+08
902 9.52023e+08
903 8.9824e+08
904 9.1092e+08
905 8.91053e+08
906 9.03726e+08
907 9.34595e+08
908 9.36064e+08
909 9.32961e+08
910 8.97936e+08
911 9.42982e+08
912 9.26634e+08
913 8.8581e+08
914 9.24916e+08
915 8.82735e+08
916 8.96714e+08
917 8.80849e+08
918 9.10086e+08
919 8.66373e+08
920 8.64029e+08
921 8.95967e+08
922 8.94375e+08
923 8.64278e+08
924 8.42504e+08
925 8.48063e+08
926 8.5043e+08
927 8.73472e+08
928 8.5847e+08
929 8.13952e+08
930 8.62827e+08
931 8.7048e+08
932 8.6831e+08
933 8.51411e+08
934 8.31431e+08
935 8.15649e+08
936 8.58998e+08
937 8.44671e+08
938 8.04262e+08
939 8.67557e+08
940 8.33762e+08
941 8.27267e+08
942 8.16295e+08
943 8.41517e+08
944 8.23124e+08
945 7.87243e+08
946 8.16883e+08
947 8.08689e+08
948 8.10922e+08
949 8.10849e+08
950 7.98607e+08
951 8.12978e+08
952 8.03656e+08
953 8.09972e+08
954 7.65719e+08
955 7.85111e+08
956 7.945e+08
957 8.03167e+08
958 8.05662e+08
959 7.81829e+08
960 7.82779e+08
961 8.14679e+08
962 7.90009e+08
963 7.9386e+08
964 7.86651e+08
965 7.68056e+08
966 8.15892e+08
967 7.86268e+08
968 7.78545e+08
969 7.96985e+08
970 7.57824e+08
971 7.75088e+08
972 7.62553e+08
973 7.70956e+08
974 7.8134e+08
975 7.81577e+08
976 7.60278e+08
977 7.83824e+08
978 7.74121e+08
979 7.59199e+08
980 7.72892e+08
981 7.64076e+08
982 7.44946e+08
983 7.47097e+08
984 7.681e+08
985 7.42593e+08
986 7.31852e+08
987 7.42483e+08
988 7.47265e+08
989 7.46091e+08
990 7.52995e+08
991 7.49438e+08
992 7.55791e+08
993 7.6598e+08
994 7.36257e+08
995 7.19557e+08
996 7.42162e+08
997 7.18893e+08
998 7.50624e+08
999 7.23842e+08
1000 7.18862e+08
1001 7.44063e+08
1002 7.31935e+08
1003 7.4725e+08
1004 7.45567e+08
1005 7.3383e+08
1006 7.3301e+08
1007 7.21028e+08
1008 7.35461e+08
1009 7.09609e+08
1010 7.13017e+08
1011 7.13031e+08
1012 7.03893e+08
1013 7.28153e+08
1014 7.12471e+08
1015 7.1146e+08
1016 7.45686e+08
1017 7.17693e+08
1018 7.1939e+08
1019 7.21869e+08
1020 6.95818e+08
1021 7.24515e+08
1022 6.97701e+08
1023 7.08749e+08
1024 7.32623e+08
