# input_file=p1_1_1.tif
# Nx=2048
# Ny=2048
0 2.86271e+17
1 1.11902e+13
2 4.50842e+12
3 1.01807e+13
4 8.14179e+12
5 5.50239e+12
6 4.75068e+12
7 6.9768e+12
8 3.42206e+12
9 3.47067e+12
10 2.46997e+12
11 3.23916e+12
12 1.71156e+12
13 1.75733e+12
14 1.75737e+12
15 1.02784e+12
16 1.07918e+12
17 1.28736e+12
18 8.85197e+11
19 7.7936e+11
20 8.34492e+11
21 9.0119e+11
22 8.02442e+11
23 6.80231e+11
24 7.90334e+11
25 6.27728e+11
26 6.06866e+11
27 5.43046e+11
28 5.00152e+11
29 5.53811e+11
30 5.12629e+11
31 4.06752e+11
32 4.79772e+11
33 4.20935e+11
34 4.14842e+11
35 4.03321e+11
36 3.84615e+11
37 3.14213e+11
38 3.17091e+11
39 2.89198e+11
40 3.4972e+11
41 3.38167e+11
42 3.39918e+11
43 3.21319e+11
44 3.0385e+11
45 2.71049e+11
46 2.4583e+11
47 2.37858e+11
48 2.62233e+11
49 2.26283e+11
50 2.3416e+11
51 2.47575e+11
52 2.33954e+11
53 2.08488e+11
54 2.16013e+11
55 2.21329e+11
56 2.10739e+11
57 2.20549e+11
58 1.96613e+11
59 2.04278e+11
60 1.9873e+11
61 2.32428e+11
62 2.0648e+11
63 1.59746e+11
64 1.75691e+11
65 1.76072e+11
66 1.84077e+11
67 1.81309e+11
68 1.54048e+11
69 1.54341e+11
70 1.55016e+11
71 1.5587e+11
72 1.68343e+11
73 1.54864e+11
74 1.51532e+11
75 1.38361e+11
76 1.42312e+11
77 1.37987e+11
78 1.53982e+11
79 1.37191e+11
80 1.29869e+11
81 1.26181e+11
82 1.30462e+11
83 1.32892e+11
84 1.3341e+11
85 1.26743e+11
86 1.26638e+11
87 1.14062e+11
88 1.32935e+11
89 1.21306e+11
90 1.17573e+11
91 1.19811e+11
92 1.03145e+11
93 1.08264e+11
94 1.15648e+11
95 1.10839e+11
96 1.10012e+11
97 1.09752e+11
98 9.40742e+10
99 1.05168e+11
100 9.49422e+10
101 9.58294e+10
102 1.00464e+11
103 1.00761e+11
104 9.94021e+10
105 9.54332e+10
106 8.88251e+10
107 9.07785e+10
108 8.8917e+10
109 8.34846e+10
110 8.13503e+10
111 7.9512e+10
112 8.20635e+10
113 8.58883e+10
114 7.4353e+10
115 8.32022e+10
116 8.24085e+10
117 7.98191e+10
118 8.18678e+10
119 7.75997e+10
120 7.51923e+10
121 6.69679e+10
122 7.51502e+10
123 7.1287e+10
124 7.37125e+10
125 6.67311e+10
126 6.78258e+10
127 6.93224e+10
128 7.19836e+10
129 6.83409e+10
130 7.02966e+10
131 7.25268e+10
132 5.76039e+10
133 6.40905e+10
134 6.35674e+10
135 6.64286e+10
136 6.05951e+10
137 6.35978e+10
138 5.88031e+10
139 5.73448e+10
140 5.65676e+10
141 5.93159e+10
142 6.0846e+10
143 5.49352e+10
144 5.58774e+10
145 5.60307e+10
146 5.45469e+10
147 5.67249e+10
148 5.39667e+10
149 5.36892e+10
150 5.31365e+10
151 5.2309e+10
152 5.24002e+10
153 4.83083e+10
154 5.30894e+10
155 4.85614e+10
156 5.32914e+10
157 4.68234e+10
158 4.99772e+10
159 4.80056e+10
160 4.79269e+10
161 4.73065e+10
162 4.33672e+10
163 4.77488e+10
164 4.36584e+10
165 4.34448e+10
166 4.49933e+10
167 4.39001e+10
168 4.40328e+10
169 4.3783e+10
170 4.63532e+10
171 4.16865e+10
172 4.07643e+10
173 4.0972e+10
174 4.25078e+10
175 3.94656e+10
176 4.2717e+10
177 3.76597e+10
178 3.8061e+10
179 3.9966e+10
180 3.84541e+10
181 4.03935e+10
182 3.98348e+10
183 4.01247e+10
184 3.85571e+10
185 3.66998e+10
186 3.92283e+10
187 3.74615e+10
188 3.56152e+10
189 3.60906e+10
190 3.69875e+10
191 3.37976e+10
192 3.41725e+10
193 3.71875e+10
194 3.51414e+10
195 3.3926e+10
196 3.42379e+10
197 3.50653e+10
198 3.48092e+10
199 2.97146e+10
200 3.48902e+10
201 3.33172e+10
202 3.34113e+10
203 3.55024e+10
204 2.96225e+10
205 3.43822e+10
206 3.26481e+10
207 3.14025e+10
208 2.91011e+10
209 3.44714e+10
210 2.9387e+10
211 2.94338e+10
212 2.84615e+10
213 2.88486e+10
214 2.93315e+10
215 3.03381e+10
216 2.85743e+10
217 2.74428e+10
218 2.73182e+10
219 2.77537e+10
220 2.78542e+10
221 2.87928e+10
222 2.77134e+10
223 2.77254e+10
224 2.7717e+10
225 2.80424e+10
226 2.84067e+10
227 2.54589e+10
228 2.80103e+10
229 2.74785e+10
230 2.88989e+10
231 2.68998e+10
232 2.65352e+10
233 2.43368e+10
234 2.64703e+10
235 2.71611e+10
236 2.72737e+10
237 2.57724e+10
238 2.46548e+10
239 2.58426e+10
240 2.60283e+10
241 2.54048e+10
242 2.42025e+10
243 2.54029e+10
244 2.36339e+10
245 2.5348e+10
246 2.5047e+10
247 2.33643e+10
248 2.37191e+10
249 2.43116e+10
250 2.37226e+10
251 2.39381e+10
252 2.38064e+10
253 2.26457e+10
254 2.2503e+10
255 2.14135e+10
256 2.21752e+10
257 2.22152e+10
258 2.14749e+10
259 2.29023e+10
260 2.29379e+10
261 2.11956e+10
262 2.29798e+10
263 2.25034e+10
264 2.14052e+10
265 2.13918e+10
266 2.11132e+10
267 2.10215e+10
268 2.05924e+10
269 2.14383e+10
270 2.0651e+10
271 2.07234e+10
272 2.02796e+10
273 2.04075e+10
274 2.12179e+10
275 1.98409e+10
276 1.84309e+10
277 2.02474e+10
278 2.01171e+10
279 1.97067e+10
280 1.97275e+10
281 1.96473e+10
282 1.99187e+10
283 2.04715e+10
284 1.91774e+10
285 1.84958e+10
286 1.88693e+10
287 1.94609e+10
288 1.96369e+10
289 1.82375e+10
290 1.83979e+10
291 1.92552e+10
292 1.95949e+10
293 1.84392e+10
294 1.83235e+10
295 1.8014e+10
296 1.7395e+10
297 1.89955e+10
298 1.80832e+10
299 1.81457e+10
300 1.83852e+10
301 1.80712e+10
302 1.64995e+10
303 1.72498e+10
304 1.70282e+10
305 1.74327e+10
306 1.68806e+10
307 1.71955e+10
308 1.64547e+10
309 1.7363e+10
310 1.62625e+10
311 1.7132e+10
312 1.611e+10
313 1.68131e+10
314 1.54915e+10
315 1.67357e+10
316 1.64155e+10
317 1.60324e+10
318 1.58905e+10
319 1.58397e+10
320 1.53027e+10
321 1.59414e+10
322 1.58881e+10
323 1.54392e+10
324 1.53983e+10
325 1.63847e+10
326 1.42377e+10
327 1.52082e+10
328 1.51273e+10
329 1.44326e+10
330 1.60376e+10
331 1.5277e+10
332 1.48044e+10
333 1.55168e+10
334 1.5302e+10
335 1.54006e+10
336 1.42576e+10
337 1.48577e+10
338 1.51415e+10
339 1.41973e+10
340 1.41642e+10
341 1.38376e+10
342 1.39e+10
343 1.43746e+10
344 1.36101e+10
345 1.37748e+10
346 1.47769e+10
347 1.3972e+10
348 1.36806e+10
349 1.42428e+10
350 1.36245e+10
351 1.34485e+10
352 1.3365e+10
353 1.37352e+10
354 1.33868e+10
355 1.32906e+10
356 1.31536e+10
357 1.36382e+10
358 1.34479e+10
359 1.34959e+10
360 1.31147e+10
361 1.29827e+10
362 1.25907e+10
363 1.30572e+10
364 1.28641e+10
365 1.34789e+10
366 1.25215e+10
367 1.23297e+10
368 1.1981e+10
369 1.20934e+10
370 1.2479e+10
371 1.21434e+10
372 1.21133e+10
373 1.16521e+10
374 1.26329e+10
375 1.21727e+10
376 1.15456e+10
377 1.2145e+10
378 1.16256e+10
379 1.2097e+10
380 1.19702e+10
381 1.14479e+10
382 1.18509e+10
383 1.19433e+10
384 1.18241e+10
385 1.14825e+10
386 1.13116e+10
387 1.13784e+10
388 1.11859e+10
389 1.0673e+10
390 1.0508e+10
391 1.04478e+10
392 1.08314e+10
393 1.01698e+10
394 1.06393e+10
395 1.05685e+10
396 1.06684e+10
397 1.05141e+10
398 1.06883e+10
399 1.06958e+10
400 1.05675e+10
401 1.05583e+10
402 1.02275e+10
403 1.00727e+10
404 9.82097e+09
405 9.56057e+09
406 1.00086e+10
407 1.01332e+10
408 1.01052e+10
409 1.01554e+10
410 9.80081e+09
411 9.08156e+09
412 1.00221e+10
413 9.94334e+09
414 9.61716e+09
415 1.00185e+10
416 9.30307e+09
417 9.70607e+09
418 9.21733e+09
419 9.52947e+09
420 9.68269e+09
421 9.33105e+09
422 9.28538e+09
423 8.95359e+09
424 9.22178e+09
425 9.444e+09
426 8.72668e+09
427 9.09546e+09
428 9.04456e+09
429 8.99588e+09
430 9.04988e+09
431 9.19533e+09
432 8.53998e+09
433 8.80712e+09
434 8.68267e+09
435 9.03105e+09
436 8.70252e+09
437 8.56123e+09
438 8.65049e+09
439 8.196e+09
440 8.53337e+09
441 8.3566e+09
442 8.40759e+09
443 8.23584e+09
444 8.21865e+09
445 8.49072e+09
446 8.37413e+09
447 8.20108e+09
448 8.08928e+09
449 7.93689e+09
450 7.65758e+09
451 8.0943e+09
452 7.49605e+09
453 8.20412e+09
454 7.78516e+09
455 7.86587e+09
456 7.50843e+09
457 7.9933e+09
458 7.59923e+09
459 7.67634e+09
460 7.44845e+09
461 7.79787e+09
462 7.59105e+09
463 7.57803e+09
464 7.64129e+09
465 7.06698e+09
466 6.89687e+09
467 7.44307e+09
468 7.08192e+09
469 7.35808e+09
470 7.28043e+09
471 7.2199e+09
472 7.02428e+09
473 7.08096e+09
474 6.64389e+09
475 7.21603e+09
476 6.90115e+09
477 6.79396e+09
478 6.77868e+09
479 6.80258e+09
480 7.07637e+09
481 6.91695e+09
482 6.73179e+09
483 6.65998e+09
484 6.73677e+09
485 6.71848e+09
486 6.4701e+09
487 6.44463e+09
488 6.70734e+09
489 6.54112e+09
490 6.24759e+09
491 6.19172e+09
492 6.47413e+09
493 6.52894e+09
494 6.22165e+09
495 6.10676e+09
496 5.99663e+09
497 6.16096e+09
498 6.30962e+09
499 6.0771e+09
500 6.20285e+09
501 6.06861e+09
502 6.13185e+09
503 5.83732e+09
504 6.22299e+09
505 5.95893e+09
506 5.67052e+09
507 6.09079e+09
508 5.78739e+09
509 5.8144e+09
510 5.62629e+09
511 5.86877e+09
512 5.72331e+09
513 5.53794e+09
514 5.58764e+09
515 5.43412e+09
516 5.58666e+09
517 5.57377e+09
518 5.5178e+09
519 5.36718e+09
520 5.34068e+09
521 5.53018e+09
522 5.44707e+09
523 5.38486e+09
524 5.34805e+09
525 5.25312e+09
526 5.45056e+09
527 4.9803e+09
528 5.19638e+09
529 5.22989e+09
530 5.28699e+09
531 5.16957e+09
532 5.19099e+09
533 5.32731e+09
534 5.11957e+09
535 5.13828e+09
536 5.14834e+09
537 5.13003e+09
538 5.02953e+09
539 5.09004e+09
540 4.69423e+09
541 5.03831e+09
542 4.76929e+09
543 4.85502e+09
544 4.87178e+09
545 4.88882e+09
546 4.91752e+09
547 4.90019e+09
548 4.83509e+09
549 4.67981e+09
550 4.70484e+09
551 4.5944e+09
552 4.59698e+09
553 4.52633e+09
554 4.68669e+09
555 4.82307e+09
556 4.52051e+09
557 4.69123e+09
558 4.49279e+09
559 4.38362e+09
560 4.41488e+09
561 4.49583e+09
562 4.46272e+09
563 4.30294e+09
564 4.35856e+09
565 4.52818e+09
566 4.21468e+09
567 4.59293e+09
568 4.19458e+09
569 4.08407e+09
570 4.0487e+09
571 4.26194e+09
572 4.16482e+09
573 4.26702e+09
574 4.23847e+09
575 4.19476e+09
576 4.01085e+09
577 4.14055e+09
578 4.0949e+09
579 4.12595e+09
580 3.96327e+09
581 4.12211e+09
582 3.85943e+09
583 4.0985e+09
584 3.93241e+09
585 3.92872e+09
586 3.82974e+09
587 3.90624e+09
588 3.71054e+09
589 3.64514e+09
590 3.73186e+09
591 3.83156e+09
592 3.7678e+09
593 3.79543e+09
594 3.76296e+09
595 3.6226e+09
596 3.74733e+09
597 3.60408e+09
598 3.53351e+09
599 3.71485e+09
600 3.56311e+09
601 3.58541e+09
602 3.50059e+09
603 3.45971e+09
604 3.41856e+09
605 3.60773e+09
606 3.66444e+09
607 3.63005e+09
608 3.41926e+09
609 3.38429e+09
610 3.44161e+09
611 3.48908e+09
612 3.59203e+09
613 3.35017e+09
614 3.4282e+09
615 3.33711e+09
616 3.3626e+09
617 3.36318e+09
618 3.19316e+09
619 3.21774e+09
620 3.30677e+09
621 3.32595e+09
622 3.27235e+09
623 3.14998e+09
624 3.25757e+09
625 3.20354e+09
626 3.04604e+09
627 3.2536e+09
628 3.21641e+09
629 3.23782e+09
630 3.1866e+09
631 2.98003e+09
632 2.94164e+09
633 3.09018e+09
634 2.95197e+09
635 3.05942e+09
636 3.00009e+09
637 2.93325e+09
638 2.96319e+09
639 2.91159e+09
640 2.93633e+09
641 2.93108e+09
642 2.99197e+09
643 2.85751e+09
644 2.93738e+09
645 2.93646e+09
646 2.71898e+09
647 2.86843e+09
648 2.85567e+09
649 2.76195e+09
650 2.76484e+09
651 2.84828e+09
652 2.8852e+09
653 2.81951e+09
654 2.79553e+09
655 2.73247e+09
656 2.76883e+09
657 2.73671e+09
658 2.87231e+09
659 2.68651e+09
660 2.58839e+09
661 2.70719e+09
662 2.61766e+09
663 2.60847e+09
664 2.58508e+09
665 2.45139e+09
666 2.57252e+09
667 2.59856e+09
668 2.57822e+09
669 2.57666e+09
670 2.44915e+09
671 2.51739e+09
672 2.55918e+09
673 2.53156e+09
674 2.49748e+09
675 2.42198e+09
676 2.44773e+09
677 2.51407e+09
678 2.43102e+09
679 2.39534e+09
680 2.52676e+09
681 2.44608e+09
682 2.3591e+09
683 2.38812e+09
684 2.38148e+09
685 2.36971e+09
686 2.32597e+09
687 2.36602e+09
688 2.37912e+09
689 2.34471e+09
690 2.38678e+09
691 2.30105e+09
692 2.27138e+09
693 2.32006e+09
694 2.20873e+09
695 2.29446e+09
696 2.21257e+09
697 2.31362e+09
698 2.21007e+09
699 2.18652e+09
700 2.22037e+09
701 2.17056e+09
702 2.19017e+09
703 2.12133e+09
704 2.09643e+09
705 2.12006e+09
706 2.13442e+09
707 2.01704e+09
708 2.10516e+09
709 2.05721e+09
710 2.23474e+09
711 2.11319e+09
712 2.05287e+09
713 2.07014e+09
714 2.0796e+09
715 2.02586e+09
716 1.98311e+09
717 2.05184e+09
718 2.00271e+09
719 2.06799e+09
720 2.01162e+09
721 1.93976e+09
722 1.95979e+09
723 2.03272e+09
724 1.949e+09
725 1.98791e+09
726 1.98044e+09
727 1.93757e+09
728 1.93186e+09
729 1.8726e+09
730 1.89939e+09
731 1.93382e+09
732 1.85243e+09
733 1.89586e+09
734 1.81684e+09
735 1.89245e+09
736 1.87636e+09
737 1.81891e+09
738 1.84624e+09
739 1.86304e+09
740 1.89945e+09
741 1.81865e+09
742 1.78692e+09
743 1.78178e+09
744 1.74223e+09
745 1.75043e+09
746 1.77823e+09
747 1.73503e+09
748 1.7846e+09
749 1.80121e+09
750 1.77388e+09
751 1.71266e+09
752 1.76746e+09
753 1.71661e+09
754 1.64824e+09
755 1.65376e+09
756 1.6541e+09
757 1.66798e+09
758 1.75564e+09
759 1.73057e+09
760 1.69061e+09
761 1.6681e+09
762 1.61371e+09
763 1.63641e+09
764 1.63246e+09
765 1.6175e+09
766 1.65342e+09
767 1.62246e+09
768 1.61518e+09
769 1.61754e+09
770 1.57646e+09
771 1.66459e+09
772 1.59061e+09
773 1.63117e+09
774 1.57267e+09
775 1.56102e+09
776 1.54884e+09
777 1.50445e+09
778 1.55826e+09
779 1.54037e+09
780 1.4817e+09
781 1.53672e+09
782 1.49649e+09
783 1.59241e+09
784 1.48801e+09
785 1.52221e+09
786 1.49074e+09
787 1.527e+09
788 1.51407e+09
789 1.4532e+09
790 1.4595e+09
791 1.49284e+09
792 1.48857e+09
793 1.41937e+09
794 1.43181e+09
795 1.43465e+09
796 1.46622e+09
797 1.42952e+09
798 1.45097e+09
799 1.40877e+09
800 1.33021e+09
801 1.47483e+09
802 1.41797e+09
803 1.41857e+09
804 1.35238e+09
805 1.34321e+09
806 1.36634e+09
807 1.36818e+09
808 1.34964e+09
809 1.39187e+09
810 1.42373e+09
811 1.35042e+09
812 1.32967e+09
813 1.30533e+09
814 1.33135e+09
815 1.33777e+09
816 1.34915e+09
817 1.32339e+09
818 1.33197e+09
819 1.29567e+09
820 1.29616e+09
821 1.32082e+09
822 1.32013e+09
823 1.3072e+09
824 1.28919e+09
825 1.26446e+09
826 1.30175e+09
827 1.27957e+09
828 1.26311e+09
829 1.27238e+09
830 1.22469e+09
831 1.25459e+09
832 1.25579e+09
833 1.28572e+09
834 1.25218e+09
835 1.21027e+09
836 1.18982e+09
837 1.21884e+09
838 1.27226e+09
839 1.21771e+09
840 1.2085e+09
841 1.22332e+09
842 1.18491e+09
843 1.23541e+09
844 1.16764e+09
845 1.18574e+09
846 1.16677e+09
847 1.20655e+09
848 1.20749e+09
849 1.17735e+09
850 1.17933e+09
851 1.1504e+09
852 1.16233e+09
853 1.12149e+09
854 1.15528e+09
855 1.15889e+09
856 1.13452e+09
857 1.12143e+09
858 1.15902e+09
859 1.16059e+09
860 1.12355e+09
861 1.15631e+09
862 1.10359e+09
863 1.1054e+09
864 1.09635e+09
865 1.11169e+09
866 1.12285e+09
867 1.09547e+09
868 1.08981e+09
869 1.11178e+09
870 1.07675e+09
871 1.09091e+09
872 1.09776e+09
873 1.09988e+09
874 1.11694e+09
875 1.02015e+09
876 1.09386e+09
877 1.07592e+09
878 1.02144e+09
879 1.09235e+09
880 1.02585e+09
881 1.06164e+09
882 1.03629e+09
883 1.06955e+09
884 1.06702e+09
885 1.03256e+09
886 1.04456e+09
887 1.01894e+09
888 1.03101e+09
889 1.03382e+09
890 1.0423e+09
891 1.00126e+09
892 1.01913e+09
893 1.03763e+09
894 1.01681e+09
895 9.89997e+08
896 1.0021e+09
897 1.00868e+09
898 1.00296e+09
899 9.85833e+08
900 9.8757e+08
901 1.00126e+09
902 9.96585e+08
903 9.77797e+08
904 9.51071e+08
905 9.59043e+08
906 9.47923e+08
907 9.99395e+08
908 9.72478e+08
909 9.66289e+08
910 9.56581e+08
911 9.86675e+08
912 9.52432e+08
913 9.47383e+08
914 9.25819e+08
915 9.40587e+08
916 9.43868e+08
917 9.7015e+08
918 9.35885e+08
919 9.61988e+08
920 9.20572e+08
921 9.54848e+08
922 9.64805e+08
923 9.5495e+08
924 9.15419e+08
925 9.24498e+08
926 9.19298e+08
927 9.27517e+08
928 9.20598e+08
929 9.14193e+08
930 9.11406e+08
931 9.18757e+08
932 9.00775e+08
933 9.22595e+08
934 8.9386e+08
935 8.94739e+08
936 8.9431e+08
937 9.00709e+08
938 9.06729e+08
939 9.01182e+08
940 8.76243e+08
941 9.06641e+08
942 8.63903e+08
943 8.61475e+08
944 8.66959e+08
945 8.95788e+08
946 8.65738e+08
947 8.67976e+08
948 8.60764e+08
949 8.99129e+08
950 8.97817e+08
951 8.567e+08
952 8.73337e+08
953 8.73403e+08
954 8.8494e+08
955 8.57396e+08
956 8.4654e+08
957 8.63461e+08
958 8.60142e+08
959 8.48561e+08
960 8.65878e+08
961 8.62999e+08
962 8.67048e+08
963 8.53559e+08
964 8.26382e+08
965 8.41398e+08
966 8.30664e+08
967 8.47355e+08
968 8.46606e+08
969 8.55562e+08
970 8.57422e+08
971 8.5905e+08
972 8.14418e+08
973 8.53736e+08
974 8.26668e+08
975 8.47812e+08
976 8.31156e+08
977 8.04323e+08
978 8.23549e+08
979 8.03418e+08
980 8.46558e+08
981 8.02426e+08
982 8.34655e+08
983 8.26395e+08
984 8.22996e+08
985 8.20121e+08
986 8.30364e+08
987 8.22469e+08
988 7.87679e+08
989 8.04122e+08
990 8.04294e+08
991 7.95909e+08
992 8.06821e+08
993 8.02699e+08
994 7.94137e+08
995 8.14686e+08
996 8.29583e+08
997 7.82867e+08
998 7.90422e+08
999 7.67307e+08
1000 7.93246e+08
1001 7.92141e+08
1002 7.93771e+08
1003 7.98851e+08
1004 7.90693e+08
1005 7.82179e+08
1006 7.78736e+08
1007 7.99908e+08
1008 7.90142e+08
1009 8.15983e+08
1010 7.88971e+08
1011 7.78729e+08
1012 7.74232e+08
1013 7.77015e+08
1014 7.73298e+08
1015 7.83993e+08
1016 7.82575e+08
1017 7.70196e+08
1018 7.62601e+08
1019 7.69949e+08
1020 7.59144e+08
1021 7.89123e+08
1022 7.82267e+08
1023 7.72837e+08
1024 7.53825e+08
