# input_file=p1_1_2.tif
# Nx=2048
# Ny=2048
0 2.88573e+17
1 1.77102e+13
2 8.42908e+12
3 7.7455e+12
4 7.63749e+12
5 5.02468e+12
6 5.36233e+12
7 3.73283e+12
8 4.05402e+12
9 4.55118e+12
10 3.44734e+12
11 2.17443e+12
12 2.14448e+12
13 1.86019e+12
14 1.94261e+12
15 1.75911e+12
16 1.38079e+12
17 1.20979e+12
18 1.28599e+12
19 9.56474e+11
20 1.07092e+12
21 9.34308e+11
22 8.29636e+11
23 5.96582e+11
24 7.30976e+11
25 5.88234e+11
26 6.6702e+11
27 4.72998e+11
28 4.41681e+11
29 3.91645e+11
30 4.37499e+11
31 4.65971e+11
32 4.25747e+11
33 3.80269e+11
34 4.15789e+11
35 3.8483e+11
36 3.59633e+11
37 4.0078e+11
38 3.37266e+11
39 3.0762e+11
40 2.94966e+11
41 3.04403e+11
42 2.37291e+11
43 3.20554e+11
44 2.77609e+11
45 2.44059e+11
46 2.99131e+11
47 2.43771e+11
48 2.49322e+11
49 2.42693e+11
50 2.28496e+11
51 2.74099e+11
52 2.51722e+11
53 2.17912e+11
54 2.15674e+11
55 2.32455e+11
56 2.2072e+11
57 2.01552e+11
58 2.27296e+11
59 2.21873e+11
60 1.65658e+11
61 1.98524e+11
62 1.90098e+11
63 1.74956e+11
64 1.6842e+11
65 1.65564e+11
66 1.65105e+11
67 1.68154e+11
68 1.54282e+11
69 1.68598e+11
70 1.65903e+11
71 1.6033e+11
72 1.48195e+11
73 1.5241e+11
74 1.64849e+11
75 1.32904e+11
76 1.35445e+11
77 1.26235e+11
78 1.33225e+11
79 1.3894e+11
80 1.19738e+11
81 1.29864e+11
82 1.20088e+11
83 1.47463e+11
84 1.25462e+11
85 1.238e+11
86 1.20823e+11
87 1.18741e+11
88 1.09471e+11
89 1.043e+11
90 1.14402e+11
91 1.0413e+11
92 1.12173e+11
93 1.00202e+11
94 1.0428e+11
95 1.07763e+11
96 1.05812e+11
97 9.58514e+10
98 8.58585e+10
99 1.01917e+11
100 9.84874e+10
101 8.86144e+10
102 9.81643e+10
103 1.01275e+11
104 8.71545e+10
105 9.56697e+10
106 8.42595e+10
107 8.70214e+10
108 8.58305e+10
109 8.12576e+10
110 8.61263e+10
111 8.39175e+10
112 7.5092e+10
113 8.66022e+10
114 8.15247e+10
115 7.49556e+10
116 8.06503e+10
117 7.69717e+10
118 8.13415e+10
119 8.4159e+10
120 7.20211e+10
121 8.56316e+10
122 7.2133e+10
123 6.51546e+10
124 6.32483e+10
125 7.39126e+10
126 6.84602e+10
127 6.87304e+10
128 6.02305e+10
129 6.50371e+10
130 6.23479e+10
131 5.85716e+10
132 7.10872e+10
133 6.36545e+10
134 6.39523e+10
135 6.25348e+10
136 6.44061e+10
137 6.60876e+10
138 5.87875e+10
139 5.24865e+10
140 5.782e+10
141 5.61886e+10
142 5.35689e+10
143 5.73173e+10
144 5.39233e+10
145 5.21481e+10
146 5.36181e+10
147 5.33385e+10
148 5.72241e+10
149 5.36561e+10
150 5.15081e+10
151 5.19615e+10
152 4.83356e+10
153 5.2426e+10
154 5.00405e+10
155 4.67268e+10
156 4.81615e+10
157 4.77238e+10
158 4.60709e+10
159 4.83552e+10
160 4.88923e+10
161 4.51761e+10
162 4.5132e+10
163 4.37482e+10
164 4.63527e+10
165 4.51629e+10
166 4.69118e+10
167 4.34058e+10
168 4.06163e+10
169 3.89404e+10
170 4.1698e+10
171 4.32143e+10
172 4.20812e+10
173 4.37769e+10
174 4.48295e+10
175 4.06773e+10
176 3.83073e+10
177 3.98955e+10
178 3.69137e+10
179 3.9826e+10
180 4.15653e+10
181 3.67406e+10
182 3.85241e+10
183 3.67653e+10
184 3.59225e+10
185 4.00976e+10
186 3.89028e+10
187 3.46695e+10
188 3.58837e+10
189 3.67752e+10
190 3.27067e+10
191 3.34693e+10
192 3.34564e+10
193 3.40206e+10
194 3.336e+10
195 3.54911e+10
196 3.45708e+10
197 3.51524e+10
198 3.32001e+10
199 3.35137e+10
200 2.98938e+10
201 3.13222e+10
202 3.33837e+10
203 3.17244e+10
204 3.10925e+10
205 3.21246e+10
206 3.12933e+10
207 3.00283e+10
208 3.06962e+10
209 2.9748e+10
210 2.83442e+10
211 2.91002e+10
212 3.0119e+10
213 3.04785e+10
214 2.83082e+10
215 2.74323e+10
216 3.08785e+10
217 2.64438e+10
218 2.83272e+10
219 2.74511e+10
220 2.76755e+10
221 2.73521e+10
222 2.83153e+10
223 2.77324e+10
224 2.77219e+10
225 2.89148e+10
226 2.87534e+10
227 2.60905e+10
228 2.59457e+10
229 2.68594e+10
230 2.64911e+10
231 2.6635e+10
232 2.65472e+10
233 2.63155e+10
234 2.68985e+10
235 2.60194e+10
236 2.50593e+10
237 2.46004e+10
238 2.48787e+10
239 2.54536e+10
240 2.50447e+10
241 2.21556e+10
242 2.33495e+10
243 2.43057e+10
244 2.34331e+10
245 2.38608e+10
246 2.20378e+10
247 2.3121e+10
248 2.48123e+10
249 2.44012e+10
250 2.3098e+10
251 2.26002e+10
252 2.38966e+10
253 2.23308e+10
254 2.33655e+10
255 2.22032e+10
256 2.24715e+10
257 2.29193e+10
258 2.20547e+10
259 2.34744e+10
260 2.13225e+10
261 2.218e+10
262 2.30013e+10
263 2.29754e+10
264 2.17412e+10
265 2.14143e+10
266 2.25562e+10
267 2.19403e+10
268 2.09262e+10
269 2.12404e+10
270 2.27329e+10
271 2.19582e+10
272 2.11017e+10
273 2.10845e+10
274 2.06778e+10
275 2.03278e+10
276 1.96617e+10
277 1.99991e+10
278 1.98308e+10
279 1.94495e+10
280 2.02329e+10
281 2.06082e+10
282 2.04541e+10
283 1.94434e+10
284 1.84317e+10
285 2.00713e+10
286 1.96295e+10
287 1.95288e+10
288 1.86699e+10
289 1.94907e+10
290 1.94065e+10
291 1.87873e+10
292 1.9072e+10
293 1.8985e+10
294 1.81006e+10
295 1.87278e+10
296 1.76985e+10
297 1.82293e+10
298 1.83851e+10
299 1.8735e+10
300 1.81327e+10
301 1.77649e+10
302 1.75317e+10
303 1.68155e+10
304 1.85589e+10
305 1.76074e+10
306 1.80195e+10
307 1.74402e+10
308 1.78115e+10
309 1.62721e+10
310 1.71966e+10
311 1.61603e+10
312 1.69901e+10
313 1.69457e+10
314 1.64113e+10
315 1.5997e+10
316 1.69737e+10
317 1.66215e+10
318 1.59187e+10
319 1.57258e+10
320 1.5784e+10
321 1.49207e+10
322 1.55458e+10
323 1.5376e+10
324 1.59911e+10
325 1.55382e+10
326 1.52317e+10
327 1.51249e+10
328 1.53333e+10
329 1.49706e+10
330 1.51489e+10
331 1.45465e+10
332 1.38999e+10
333 1.49439e+10
334 1.48852e+10
335 1.46624e+10
336 1.39671e+10
337 1.44072e+10
338 1.40262e+10
339 1.43843e+10
340 1.40763e+10
341 1.48412e+10
342 1.38251e+10
343 1.32927e+10
344 1.4613e+10
345 1.40364e+10
346 1.36299e+10
347 1.33075e+10
348 1.33315e+10
349 1.36418e+10
350 1.41586e+10
351 1.31782e+10
352 1.32741e+10
353 1.43688e+10
354 1.35485e+10
355 1.29614e+10
356 1.30925e+10
357 1.34007e+10
358 1.30943e+10
359 1.25465e+10
360 1.34188e+10
361 1.28482e+10
362 1.31418e+10
363 1.25083e+10
364 1.28912e+10
365 1.24725e+10
366 1.27783e+10
367 1.20178e+10
368 1.22654e+10
369 1.25541e+10
370 1.21804e+10
371 1.2144e+10
372 1.15213e+10
373 1.20703e+10
374 1.23466e+10
375 1.26793e+10
376 1.17293e+10
377 1.16782e+10
378 1.17885e+10
379 1.18931e+10
380 1.1812e+10
381 1.14241e+10
382 1.06708e+10
383 1.14357e+10
384 1.14502e+10
385 1.18625e+10
386 1.12097e+10
387 1.11555e+10
388 1.11239e+10
389 1.18919e+10
390 1.06008e+10
391 1.12589e+10
392 1.0657e+10
393 1.09771e+10
394 1.08871e+10
395 1.05804e+10
396 1.0525e+10
397 1.06034e+10
398 1.07395e+10
399 1.10079e+10
400 9.8941e+09
401 1.0626e+10
402 1.01834e+10
403 1.04927e+10
404 1.0147e+10
405 9.98072e+09
406 9.53017e+09
407 9.83142e+09
408 9.9341e+09
409 1.02564e+10
410 9.50101e+09
411 9.59283e+09
412 9.88431e+09
413 9.84571e+09
414 1.02121e+10
415 9.4648e+09
416 9.38467e+09
417 9.39699e+09
418 9.16268e+09
419 9.81214e+09
420 9.46292e+09
421 9.55813e+09
422 8.93388e+09
423 9.27641e+09
424 8.68982e+09
425 9.34827e+09
426 9.07216e+09
427 8.85362e+09
428 9.03549e+09
429 8.55341e+09
430 9.02665e+09
431 8.61859e+09
432 8.76948e+09
433 8.50385e+09
434 9.09311e+09
435 9.07237e+09
436 8.5694e+09
437 8.50239e+09
438 8.65554e+09
439 8.74524e+09
440 8.82584e+09
441 8.34014e+09
442 7.99149e+09
443 8.12603e+09
444 8.1674e+09
445 8.29649e+09
446 8.11385e+09
447 8.10431e+09
448 7.93911e+09
449 8.03088e+09
450 7.6914e+09
451 7.90809e+09
452 8.00691e+09
453 7.75619e+09
454 7.98695e+09
455 7.75017e+09
456 7.73069e+09
457 7.8479e+09
458 7.74249e+09
459 7.71428e+09
460 7.53378e+09
461 7.76582e+09
462 7.33676e+09
463 7.53072e+09
464 7.7263e+09
465 7.23082e+09
466 7.19425e+09
467 7.25033e+09
468 7.31355e+09
469 7.26268e+09
470 7.46607e+09
471 7.34618e+09
472 7.40549e+09
473 7.09181e+09
474 7.21642e+09
475 7.04633e+09
476 6.62828e+09
477 6.84865e+09
478 6.98339e+09
479 6.99662e+09
480 6.97001e+09
481 6.62701e+09
482 7.01594e+09
483 7.17008e+09
484 6.32564e+09
485 6.37075e+09
486 6.86395e+09
487 6.83231e+09
488 6.32556e+09
489 6.56405e+09
490 6.37414e+09
491 6.33696e+09
492 6.30501e+09
493 6.60107e+09
494 6.52863e+09
495 6.13426e+09
496 6.07652e+09
497 6.14229e+09
498 6.22649e+09
499 5.93499e+09
500 6.30458e+09
501 5.88404e+09
502 5.86697e+09
503 5.96233e+09
504 5.87174e+09
505 5.73326e+09
506 5.83578e+09
507 5.92736e+09
508 5.71231e+09
509 5.78949e+09
510 5.83718e+09
511 5.84408e+09
512 5.5868e+09
513 5.72211e+09
514 5.34973e+09
515 5.75227e+09
516 5.52322e+09
517 5.6701e+09
518 5.48344e+09
519 5.71641e+09
520 5.4288e+09
521 5.25051e+09
522 5.47078e+09
523 5.46636e+09
524 5.41446e+09
525 5.26645e+09
526 5.27058e+09
527 5.15936e+09
528 5.33238e+09
529 5.38896e+09
530 5.34133e+09
531 5.26516e+09
532 5.23693e+09
533 5.26973e+09
534 5.04838e+09
535 5.08895e+09
536 5.00392e+09
537 5.05117e+09
538 4.87459e+09
539 5.02146e+09
540 4.8827e+09
541 5.08237e+09
542 4.9105e+09
543 4.864e+09
544 4.90781e+09
545 4.68278e+09
546 5.03069e+09
547 4.95032e+09
548 4.86487e+09
549 4.69106e+09
550 4.63081e+09
551 4.65042e+09
552 4.64342e+09
553 4.69411e+09
554 4.55885e+09
555 4.71336e+09
556 4.67046e+09
557 4.59149e+09
558 4.45447e+09
559 4.42482e+09
560 4.41863e+09
561 4.72715e+09
562 4.55251e+09
563 4.49718e+09
564 4.5441e+09
565 4.35848e+09
566 4.38706e+09
567 4.39512e+09
568 4.32136e+09
569 4.16034e+09
570 4.22153e+09
571 4.1791e+09
572 4.19132e+09
573 4.29373e+09
574 4.24803e+09
575 3.9901e+09
576 4.04678e+09
577 4.0386e+09
578 4.03773e+09
579 4.06007e+09
580 4.22231e+09
581 4.11951e+09
582 3.99367e+09
583 4.044e+09
584 4.09153e+09
585 3.96422e+09
586 3.8197e+09
587 3.89326e+09
588 3.69755e+09
589 3.76549e+09
590 3.84128e+09
591 3.98382e+09
592 3.69817e+09
593 3.8059e+09
594 3.63174e+09
595 3.77881e+09
596 3.64149e+09
597 3.80609e+09
598 3.69217e+09
599 3.83774e+09
600 3.72814e+09
601 3.5816e+09
602 3.60286e+09
603 3.58156e+09
604 3.46815e+09
605 3.55632e+09
606 3.52532e+09
607 3.60344e+09
608 3.37326e+09
609 3.51278e+09
610 3.45936e+09
611 3.46983e+09
612 3.6088e+09
613 3.39474e+09
614 3.43131e+09
615 3.30001e+09
616 3.38591e+09
617 3.18093e+09
618 3.35486e+09
619 3.40609e+09
620 3.26602e+09
621 3.17333e+09
622 3.14417e+09
623 3.10441e+09
624 3.29271e+09
625 3.21525e+09
626 3.2557e+09
627 3.13988e+09
628 3.22202e+09
629 3.14885e+09
630 3.12203e+09
631 3.16414e+09
632 3.15833e+09
633 3.1222e+09
634 3.0464e+09
635 3.03957e+09
636 3.04878e+09
637 2.9762e+09
638 2.90409e+09
639 3.10637e+09
640 2.93754e+09
641 2.91359e+09
642 3.04769e+09
643 2.94276e+09
644 2.81238e+09
645 2.93541e+09
646 2.82019e+09
647 2.86761e+09
648 2.76381e+09
649 2.80065e+09
650 2.79102e+09
651 2.91091e+09
652 2.82567e+09
653 2.82351e+09
654 2.71503e+09
655 2.85035e+09
656 2.73825e+09
657 2.92277e+09
658 2.60455e+09
659 2.75751e+09
660 2.71925e+09
661 2.66167e+09
662 2.70042e+09
663 2.64723e+09
664 2.62483e+09
665 2.70799e+09
666 2.72302e+09
667 2.64114e+09
668 2.60169e+09
669 2.62647e+09
670 2.48856e+09
671 2.48083e+09
672 2.60959e+09
673 2.48852e+09
674 2.57154e+09
675 2.5071e+09
676 2.39664e+09
677 2.47009e+09
678 2.46729e+09
679 2.53441e+09
680 2.52945e+09
681 2.38097e+09
682 2.45844e+09
683 2.5304e+09
684 2.36165e+09
685 2.37762e+09
686 2.34256e+09
687 2.37455e+09
688 2.37695e+09
689 2.28555e+09
690 2.23312e+09
691 2.40096e+09
692 2.26057e+09
693 2.31933e+09
694 2.22801e+09
695 2.40894e+09
696 2.32178e+09
697 2.18491e+09
698 2.25921e+09
699 2.25287e+09
700 2.28143e+09
701 2.25952e+09
702 2.17943e+09
703 2.19121e+09
704 2.15493e+09
705 2.13957e+09
706 2.27157e+09
707 2.10362e+09
708 2.12213e+09
709 2.1963e+09
710 2.09829e+09
711 2.10769e+09
712 2.16688e+09
713 1.98391e+09
714 2.08966e+09
715 2.05234e+09
716 2.07165e+09
717 2.06164e+09
718 2.04056e+09
719 2.02697e+09
720 2.05538e+09
721 2.0733e+09
722 2.10502e+09
723 1.96177e+09
724 1.94086e+09
725 1.99781e+09
726 1.97147e+09
727 1.92318e+09
728 1.90133e+09
729 1.9454e+09
730 1.92399e+09
731 1.97534e+09
732 1.95121e+09
733 1.893e+09
734 1.89315e+09
735 1.88429e+09
736 1.9172e+09
737 1.88321e+09
738 1.82851e+09
739 1.89815e+09
740 1.8364e+09
741 1.80848e+09
742 1.84806e+09
743 1.79844e+09
744 1.80436e+09
745 1.86234e+09
746 1.75924e+09
747 1.69683e+09
748 1.7868e+09
749 1.81151e+09
750 1.8339e+09
751 1.78819e+09
752 1.74686e+09
753 1.73029e+09
754 1.79482e+09
755 1.76776e+09
756 1.76094e+09
757 1.72652e+09
758 1.6901e+09
759 1.73063e+09
760 1.67457e+09
761 1.72955e+09
762 1.63396e+09
763 1.61823e+09
764 1.65346e+09
765 1.66961e+09
766 1.65905e+09
767 1.6117e+09
768 1.71318e+09
769 1.66043e+09
770 1.63738e+09
771 1.65776e+09
772 1.56621e+09
773 1.62599e+09
774 1.59492e+09
775 1.52996e+09
776 1.5407e+09
777 1.5482e+09
778 1.63302e+09
779 1.5548e+09
780 1.56064e+09
781 1.52842e+09
782 1.53905e+09
783 1.57245e+09
784 1.57322e+09
785 1.52721e+09
786 1.53387e+09
787 1.48535e+09
788 1.51002e+09
789 1.46763e+09
790 1.4784e+09
791 1.46098e+09
792 1.47757e+09
793 1.51499e+09
794 1.479e+09
795 1.44735e+09
796 1.44692e+09
797 1.47033e+09
798 1.48112e+09
799 1.43211e+09
800 1.42979e+09
801 1.44846e+09
802 1.41375e+09
803 1.42658e+09
804 1.48364e+09
805 1.41857e+09
806 1.43095e+09
807 1.41831e+09
808 1.43249e+09
809 1.41237e+09
810 1.37676e+09
811 1.3955e+09
812 1.3608e+09
813 1.39988e+09
814 1.39188e+09
815 1.34167e+09
816 1.3425e+09
817 1.3637e+09
818 1.3047e+09
819 1.40413e+09
820 1.32977e+09
821 1.31139e+09
822 1.34767e+09
823 1.32729e+09
824 1.3253e+09
825 1.33249e+09
826 1.30915e+09
827 1.30319e+09
828 1.30671e+09
829 1.28375e+09
830 1.28852e+09
831 1.25625e+09
832 1.26134e+09
833 1.306e+09
834 1.28583e+09
835 1.2509e+09
836 1.24405e+09
837 1.24172e+09
838 1.24081e+09
839 1.25731e+09
840 1.25275e+09
841 1.20394e+09
842 1.20448e+09
843 1.25949e+09
844 1.19528e+09
845 1.21243e+09
846 1.23725e+09
847 1.1824e+09
848 1.20719e+09
849 1.18347e+09
850 1.15766e+09
851 1.14955e+09
852 1.21064e+09
853 1.1389e+09
854 1.18201e+09
855 1.16616e+09
856 1.09907e+09
857 1.16973e+09
858 1.14314e+09
859 1.11969e+09
860 1.17045e+09
861 1.12496e+09
862 1.18128e+09
863 1.12508e+09
864 1.1591e+09
865 1.10649e+09
866 1.17646e+09
867 1.12679e+09
868 1.15491e+09
869 1.12915e+09
870 1.09543e+09
871 1.10215e+09
872 1.1005e+09
873 1.14591e+09
874 1.14331e+09
875 1.1016e+09
876 1.06686e+09
877 1.06829e+09
878 1.04873e+09
879 1.09916e+09
880 1.08655e+09
881 1.06016e+09
882 1.08877e+09
883 1.0983e+09
884 1.03908e+09
885 1.06067e+09
886 1.07187e+09
887 1.06148e+09
888 1.09448e+09
889 1.06345e+09
890 1.07376e+09
891 1.03518e+09
892 1.04898e+09
893 1.06027e+09
894 1.05998e+09
895 1.01994e+09
896 1.01166e+09
897 9.90381e+08
898 1.0073e+09
899 9.77273e+08
900 9.7928e+08
901 1.02426e+09
902 1.02408e+09
903 9.90613e+08
904 1.04136e+09
905 1.03308e+09
906 9.98647e+08
907 1.00357e+09
908 9.76143e+08
909 1.00775e+09
910 1.01474e+09
911 9.92146e+08
912 9.92995e+08
913 9.79762e+08
914 9.79803e+08
915 9.74743e+08
916 9.45115e+08
917 9.63033e+08
918 9.48644e+08
919 9.56189e+08
920 9.45739e+08
921 9.60607e+08
922 9.3711e+08
923 9.60449e+08
924 9.34294e+08
925 9.49504e+08
926 9.3327e+08
927 9.01306e+08
928 9.41595e+08
929 9.31667e+08
930 9.12958e+08
931 9.22083e+08
932 9.30324e+08
933 9.48294e+08
934 9.39624e+08
935 9.12492e+08
936 9.40248e+08
937 8.87238e+08
938 9.34806e+08
939 9.04942e+08
940 9.15338e+08
941 9.17386e+08
942 9.1128e+08
943 9.30903e+08
944 8.97504e+08
945 8.96716e+08
946 8.99258e+08
947 8.95573e+08
948 8.86153e+08
949 8.99505e+08
950 9.01506e+08
951 8.9295e+08
952 8.68703e+08
953 8.83802e+08
954 8.47637e+08
955 8.78382e+08
956 9.05028e+08
957 8.95229e+08
958 8.84395e+08
959 8.75123e+08
960 9.26493e+08
961 8.74586e+08
962 8.6706e+08
963 8.76527e+08
964 8.51044e+08
965 8.64995e+08
966 8.54579e+08
967 8.58676e+08
968 8.94622e+08
969 8.47263e+08
970 8.60752e+08
971 8.48766e+08
972 8.62902e+08
973 8.56063e+08
974 8.4504e+08
975 8.37561e+08
976 8.46815e+08
977 8.4876e+08
978 8.34562e+08
979 8.48195e+08
980 8.56499e+08
981 8.40568e+08
982 8.34672e+08
983 8.52614e+08
984 8.52316e+08
985 8.40593e+08
986 8.21687e+08
987 8.27796e+08
988 8.15655e+08
989 8.3033e+08
990 8.3335e+08
991 8.11469e+08
992 8.58371e+08
993 8.24151e+08
994 8.28078e+08
995 8.19257e+08
996 8.06296e+08
997 8.40558e+08
998 8.05122e+08
999 7.92198e+08
1000 8.10415e+08
1001 8.11577e+08
1002 8.00091e+08
1003 8.07156e+08
1004 7.77406e+08
1005 7.93865e+08
1006 8.12776e+08
1007 8.01793e+08
1008 7.95986e+08
1009 8.02247e+08
1010 7.90666e+08
1011 7.84799e+08
1012 7.91409e+08
1013 8.11583e+08
1014 7.72748e+08
1015 7.77713e+08
1016 7.8039e+08
1017 7.58733e+08
1018 7.81007e+08
1019 7.92995e+08
1020 7.88028e+08
1021 7.82371e+08
1022 7.7613e+08
1023 7.74853e+08
1024 7.58605e+08
