# input_file=p1_2_0.tif
# Nx=2048
# Ny=2048
0 2.85349e+17
1 1.29039e+13
2 6.89893e+12
3 7.96075e+12
4 8.75722e+12
5 6.35162e+12
6 6.70768e+12
7 3.753e+12
8 3.92143e+12
9 3.98463e+12
10 2.83786e+12
11 2.52344e+12
12 2.09837e+12
13 1.73914e+12
14 1.61345e+12
15 1.58649e+12
16 1.22945e+12
17 1.19756e+12
18 1.23172e+12
19 8.37645e+11
20 8.94418e+11
21 8.98164e+11
22 7.09217e+11
23 7.47324e+11
24 6.68296e+11
25 6.0094e+11
26 5.28912e+11
27 5.17978e+11
28 4.3052e+11
29 5.80775e+11
30 4.47103e+11
31 4.96669e+11
32 4.18456e+11
33 4.72785e+11
34 3.789e+11
35 4.12468e+11
36 4.01028e+11
37 3.49212e+11
38 3.69189e+11
39 2.81659e+11
40 2.91603e+11
41 3.07569e+11
42 2.87695e+11
43 3.0011e+11
44 2.56216e+11
45 2.15786e+11
46 2.6219e+11
47 2.97652e+11
48 2.3569e+11
49 2.30507e+11
50 2.18309e+11
51 2.05715e+11
52 2.17057e+11
53 2.02726e+11
54 2.10369e+11
55 2.15409e+11
56 1.73855e+11
57 2.17318e+11
58 2.16878e+11
59 1.9009e+11
60 1.71193e+11
61 1.78415e+11
62 1.70179e+11
63 1.82073e+11
64 1.81582e+11
65 1.7737e+11
66 1.59719e+11
67 1.57408e+11
68 1.63611e+11
69 1.58816e+11
70 1.47297e+11
71 1.44144e+11
72 1.45532e+11
73 1.51673e+11
74 1.51182e+11
75 1.30905e+11
76 1.42393e+11
77 1.34945e+11
78 1.11162e+11
79 1.30161e+11
80 1.31731e+11
81 1.43558e+11
82 1.25153e+11
83 1.26881e+11
84 1.13626e+11
85 1.15398e+11
86 1.12806e+11
87 1.22259e+11
88 1.10149e+11
89 1.12292e+11
90 1.13332e+11
91 1.16508e+11
92 1.12865e+11
93 1.0095e+11
94 1.07805e+11
95 1.01027e+11
96 9.59633e+10
97 9.74418e+10
98 9.56627e+10
99 1.00386e+11
100 9.45503e+10
101 1.07901e+11
102 8.49804e+10
103 9.49672e+10
104 8.53777e+10
105 9.31843e+10
106 8.3454e+10
107 8.50559e+10
108 9.18605e+10
109 7.61079e+10
110 7.85569e+10
111 7.60509e+10
112 8.01718e+10
113 7.96404e+10
114 8.36764e+10
115 7.83269e+10
116 7.67736e+10
117 7.85808e+10
118 8.04628e+10
119 7.08749e+10
120 6.94702e+10
121 6.8283e+10
122 6.68092e+10
123 6.60299e+10
124 6.81483e+10
125 6.76722e+10
126 6.47984e+10
127 6.45074e+10
128 6.60761e+10
129 6.08892e+10
130 6.37581e+10
131 6.55827e+10
132 6.50912e+10
133 6.23972e+10
134 5.72568e+10
135 6.09911e+10
136 6.12512e+10
137 5.80505e+10
138 5.76398e+10
139 5.91731e+10
140 5.51752e+10
141 5.83123e+10
142 5.21061e+10
143 5.39878e+10
144 5.63619e+10
145 5.06309e+10
146 5.74829e+10
147 5.46129e+10
148 4.9389e+10
149 5.16521e+10
150 4.97637e+10
151 5.03076e+10
152 5.26216e+10
153 4.61012e+10
154 4.54997e+10
155 4.7559e+10
156 4.83976e+10
157 4.83814e+10
158 4.97383e+10
159 4.55271e+10
160 4.41192e+10
161 4.36356e+10
162 4.12486e+10
163 4.29863e+10
164 4.3563e+10
165 4.41878e+10
166 4.07594e+10
167 4.28553e+10
168 4.04037e+10
169 4.13387e+10
170 4.19927e+10
171 4.21006e+10
172 4.08437e+10
173 4.03975e+10
174 3.91849e+10
175 4.06665e+10
176 3.92171e+10
177 3.90259e+10
178 3.68957e+10
179 3.79939e+10
180 3.42289e+10
181 3.79188e+10
182 3.6709e+10
183 3.63217e+10
184 3.65277e+10
185 3.42117e+10
186 3.3696e+10
187 3.61114e+10
188 3.45716e+10
189 3.28479e+10
190 3.5853e+10
191 3.43328e+10
192 3.29111e+10
193 3.10407e+10
194 3.24952e+10
195 3.07766e+10
196 3.14561e+10
197 3.17509e+10
198 3.04813e+10
199 3.09513e+10
200 2.93505e+10
201 3.1127e+10
202 3.14808e+10
203 3.20688e+10
204 2.98603e+10
205 3.05765e+10
206 2.98574e+10
207 3.19608e+10
208 2.90174e+10
209 2.90516e+10
210 2.86348e+10
211 2.90731e+10
212 2.71601e+10
213 3.1193e+10
214 2.75922e+10
215 2.76157e+10
216 2.81295e+10
217 2.6005e+10
218 2.74773e+10
219 2.85213e+10
220 2.73545e+10
221 2.84516e+10
222 2.60142e+10
223 2.60681e+10
224 2.66211e+10
225 2.83213e+10
226 2.71107e+10
227 2.65961e+10
228 2.38243e+10
229 2.49974e+10
230 2.51073e+10
231 2.53842e+10
232 2.42542e+10
233 2.58876e+10
234 2.55512e+10
235 2.54961e+10
236 2.47225e+10
237 2.42736e+10
238 2.4546e+10
239 2.43824e+10
240 2.27722e+10
241 2.30662e+10
242 2.44766e+10
243 2.25553e+10
244 2.29172e+10
245 2.19519e+10
246 2.43414e+10
247 2.24886e+10
248 2.19054e+10
249 2.28387e+10
250 2.15688e+10
251 2.16369e+10
252 2.26379e+10
253 2.1175e+10
254 2.14534e+10
255 2.20127e+10
256 2.11844e+10
257 2.10823e+10
258 2.22013e+10
259 2.12472e+10
260 2.04133e+10
261 2.23841e+10
262 2.03042e+10
263 2.04132e+10
264 2.05498e+10
265 2.06973e+10
266 2.11871e+10
267 2.0239e+10
268 2.15137e+10
269 2.0606e+10
270 1.96134e+10
271 1.93075e+10
272 1.93044e+10
273 1.97638e+10
274 2.00708e+10
275 1.94126e+10
276 1.97167e+10
277 1.97894e+10
278 1.98777e+10
279 1.80685e+10
280 1.85924e+10
281 1.8965e+10
282 1.86703e+10
283 1.85225e+10
284 1.87594e+10
285 1.80193e+10
286 1.79474e+10
287 1.80719e+10
288 1.77718e+10
289 1.79435e+10
290 1.85488e+10
291 1.6867e+10
292 1.77939e+10
293 1.68938e+10
294 1.73935e+10
295 1.71258e+10
296 1.71231e+10
297 1.61299e+10
298 1.69718e+10
299 1.67446e+10
300 1.65918e+10
301 1.70336e+10
302 1.57985e+10
303 1.73694e+10
304 1.59833e+10
305 1.62124e+10
306 1.62268e+10
307 1.6219e+10
308 1.62447e+10
309 1.60262e+10
310 1.64971e+10
311 1.58501e+10
312 1.60221e+10
313 1.56925e+10
314 1.5559e+10
315 1.50339e+10
316 1.55652e+10
317 1.6182e+10
318 1.55872e+10
319 1.5712e+10
320 1.50928e+10
321 1.44958e+10
322 1.55366e+10
323 1.5242e+10
324 1.55407e+10
325 1.48569e+10
326 1.45464e+10
327 1.41754e+10
328 1.43024e+10
329 1.35394e+10
330 1.45587e+10
331 1.38367e+10
332 1.36497e+10
333 1.39523e+10
334 1.38679e+10
335 1.36844e+10
336 1.36746e+10
337 1.46166e+10
338 1.42195e+10
339 1.40329e+10
340 1.32663e+10
341 1.32882e+10
342 1.31699e+10
343 1.28774e+10
344 1.29859e+10
345 1.31339e+10
346 1.24435e+10
347 1.34544e+10
348 1.31926e+10
349 1.30605e+10
350 1.24019e+10
351 1.38106e+10
352 1.26298e+10
353 1.33267e+10
354 1.23052e+10
355 1.23224e+10
356 1.30797e+10
357 1.28352e+10
358 1.25588e+10
359 1.22592e+10
360 1.31526e+10
361 1.23041e+10
362 1.23099e+10
363 1.24228e+10
364 1.22458e+10
365 1.15233e+10
366 1.22207e+10
367 1.18384e+10
368 1.16505e+10
369 1.19341e+10
370 1.15228e+10
371 1.17041e+10
372 1.16891e+10
373 1.17717e+10
374 1.20256e+10
375 1.17164e+10
376 1.06987e+10
377 1.14243e+10
378 1.11164e+10
379 1.09485e+10
380 1.09912e+10
381 1.05545e+10
382 1.11171e+10
383 1.1134e+10
384 1.03472e+10
385 1.07692e+10
386 1.05512e+10
387 1.0702e+10
388 1.13206e+10
389 1.04064e+10
390 1.02042e+10
391 1.05165e+10
392 1.00058e+10
393 9.53954e+09
394 1.0106e+10
395 1.00893e+10
396 1.01076e+10
397 1.07662e+10
398 9.85168e+09
399 9.9151e+09
400 9.47036e+09
401 9.20424e+09
402 9.88267e+09
403 1.00126e+10
404 9.49613e+09
405 9.40335e+09
406 9.8094e+09
407 9.67003e+09
408 9.12424e+09
409 9.13364e+09
410 9.57603e+09
411 8.82199e+09
412 9.34286e+09
413 8.8128e+09
414 8.74797e+09
415 9.05206e+09
416 9.34684e+09
417 9.2341e+09
418 9.1081e+09
419 9.12181e+09
420 8.81163e+09
421 9.20151e+09
422 9.04107e+09
423 8.13494e+09
424 8.81294e+09
425 8.58005e+09
426 8.53699e+09
427 8.27445e+09
428 8.67315e+09
429 8.40434e+09
430 8.876e+09
431 8.23184e+09
432 8.46763e+09
433 8.35086e+09
434 8.04614e+09
435 7.94078e+09
436 8.16687e+09
437 8.04151e+09
438 7.95367e+09
439 8.11787e+09
440 7.92782e+09
441 8.16717e+09
442 7.81058e+09
443 8.32053e+09
444 7.77603e+09
445 7.58032e+09
446 7.65967e+09
447 7.7928e+09
448 7.56285e+09
449 7.56391e+09
450 7.55588e+09
451 7.59791e+09
452 7.13817e+09
453 7.3257e+09
454 7.45269e+09
455 6.85711e+09
456 7.32023e+09
457 7.28462e+09
458 7.36267e+09
459 6.97706e+09
460 6.63284e+09
461 7.06682e+09
462 7.58449e+09
463 7.21585e+09
464 7.04112e+09
465 7.07176e+09
466 6.67643e+09
467 6.67527e+09
468 6.74556e+09
469 6.80963e+09
470 6.49456e+09
471 6.72408e+09
472 6.74817e+09
473 6.77189e+09
474 6.5076e+09
475 6.76732e+09
476 6.44354e+09
477 6.23674e+09
478 6.41795e+09
479 6.64445e+09
480 6.44888e+09
481 6.27823e+09
482 6.48773e+09
483 6.39356e+09
484 6.31967e+09
485 6.35935e+09
486 6.17666e+09
487 6.13913e+09
488 6.16321e+09
489 5.90985e+09
490 5.99624e+09
491 6.11069e+09
492 5.91669e+09
493 5.6713e+09
494 6.14929e+09
495 5.90727e+09
496 5.77383e+09
497 5.77278e+09
498 5.71777e+09
499 5.64151e+09
500 5.78943e+09
501 5.80087e+09
502 5.75452e+09
503 5.51348e+09
504 5.4921e+09
505 5.65358e+09
506 5.408e+09
507 5.37026e+09
508 5.56667e+09
509 5.47726e+09
510 5.44751e+09
511 5.69331e+09
512 5.28475e+09
513 5.50901e+09
514 5.38536e+09
515 5.02576e+09
516 5.38132e+09
517 5.32861e+09
518 5.33856e+09
519 5.19629e+09
520 4.918e+09
521 5.21568e+09
522 5.09441e+09
523 4.99548e+09
524 5.191e+09
525 4.99314e+09
526 4.98872e+09
527 4.91621e+09
528 4.92404e+09
529 5.27597e+09
530 5.04983e+09
531 4.93791e+09
532 4.89732e+09
533 4.78577e+09
534 4.69962e+09
535 4.84385e+09
536 4.90187e+09
537 4.76e+09
538 4.77669e+09
539 4.67854e+09
540 4.73605e+09
541 4.62866e+09
542 4.69273e+09
543 4.49354e+09
544 4.70276e+09
545 4.61108e+09
546 4.3895e+09
547 4.56015e+09
548 4.3638e+09
549 4.37734e+09
550 4.34709e+09
551 4.50062e+09
552 4.41865e+09
553 4.32832e+09
554 4.44492e+09
555 4.16739e+09
556 4.23211e+09
557 4.34167e+09
558 4.34495e+09
559 4.35154e+09
560 4.10023e+09
561 4.22844e+09
562 4.38606e+09
563 4.11863e+09
564 3.95312e+09
565 4.03929e+09
566 3.90074e+09
567 4.05098e+09
568 4.02066e+09
569 3.98726e+09
570 4.09962e+09
571 3.85104e+09
572 3.98418e+09
573 3.95363e+09
574 3.81156e+09
575 3.70662e+09
576 3.78039e+09
577 3.93396e+09
578 3.70104e+09
579 3.78404e+09
580 3.77969e+09
581 3.73362e+09
582 3.60296e+09
583 3.68125e+09
584 3.65044e+09
585 3.57399e+09
586 3.47957e+09
587 3.58497e+09
588 3.57977e+09
589 3.54045e+09
590 3.61556e+09
591 3.50033e+09
592 3.52729e+09
593 3.64264e+09
594 3.46992e+09
595 3.45595e+09
596 3.3837e+09
597 3.43573e+09
598 3.4194e+09
599 3.41634e+09
600 3.45176e+09
601 3.34419e+09
602 3.3723e+09
603 3.3891e+09
604 3.39917e+09
605 3.22679e+09
606 3.37072e+09
607 3.27153e+09
608 3.22433e+09
609 3.15948e+09
610 3.22192e+09
611 3.28023e+09
612 3.13477e+09
613 3.14098e+09
614 3.24701e+09
615 3.19326e+09
616 3.11281e+09
617 3.06751e+09
618 3.08124e+09
619 3.10754e+09
620 3.14876e+09
621 2.99618e+09
622 3.18756e+09
623 3.00629e+09
624 2.91583e+09
625 3.04391e+09
626 2.96361e+09
627 2.91684e+09
628 2.91653e+09
629 2.92636e+09
630 2.9164e+09
631 2.96991e+09
632 2.94095e+09
633 2.84907e+09
634 2.8454e+09
635 2.78808e+09
636 2.88759e+09
637 2.8816e+09
638 2.69445e+09
639 2.75069e+09
640 2.74911e+09
641 2.72467e+09
642 2.73034e+09
643 2.7641e+09
644 2.74155e+09
645 2.61752e+09
646 2.60249e+09
647 2.70786e+09
648 2.73373e+09
649 2.67304e+09
650 2.61882e+09
651 2.54598e+09
652 2.65206e+09
653 2.60853e+09
654 2.6067e+09
655 2.5401e+09
656 2.61412e+09
657 2.56361e+09
658 2.56787e+09
659 2.56784e+09
660 2.56196e+09
661 2.50803e+09
662 2.425e+09
663 2.54831e+09
664 2.41992e+09
665 2.41583e+09
666 2.51768e+09
667 2.46894e+09
668 2.40873e+09
669 2.41066e+09
670 2.39252e+09
671 2.41714e+09
672 2.44537e+09
673 2.45328e+09
674 2.36276e+09
675 2.22742e+09
676 2.30882e+09
677 2.29318e+09
678 2.32086e+09
679 2.38828e+09
680 2.33236e+09
681 2.28115e+09
682 2.24346e+09
683 2.23231e+09
684 2.22625e+09
685 2.2503e+09
686 2.27379e+09
687 2.16981e+09
688 2.13178e+09
689 2.13546e+09
690 2.15811e+09
691 2.15201e+09
692 2.20032e+09
693 2.15001e+09
694 2.1489e+09
695 2.12425e+09
696 2.08285e+09
697 2.15222e+09
698 2.04188e+09
699 2.10977e+09
700 2.13753e+09
701 2.08529e+09
702 2.08427e+09
703 2.02595e+09
704 1.99838e+09
705 2.0022e+09
706 2.07784e+09
707 2.00807e+09
708 1.94113e+09
709 1.95714e+09
710 1.96145e+09
711 1.95943e+09
712 1.95324e+09
713 1.95143e+09
714 1.90172e+09
715 1.88239e+09
716 1.96467e+09
717 1.86981e+09
718 1.96773e+09
719 1.89846e+09
720 1.85424e+09
721 1.85665e+09
722 1.86865e+09
723 1.82944e+09
724 1.81251e+09
725 1.9097e+09
726 1.84352e+09
727 1.79378e+09
728 1.79974e+09
729 1.84395e+09
730 1.82147e+09
731 1.80117e+09
732 1.75301e+09
733 1.78326e+09
734 1.76322e+09
735 1.74077e+09
736 1.72492e+09
737 1.73265e+09
738 1.78115e+09
739 1.72386e+09
740 1.67449e+09
741 1.73372e+09
742 1.70777e+09
743 1.67608e+09
744 1.75388e+09
745 1.68908e+09
746 1.61893e+09
747 1.65399e+09
748 1.61786e+09
749 1.66031e+09
750 1.64356e+09
751 1.61634e+09
752 1.64647e+09
753 1.65004e+09
754 1.63781e+09
755 1.61261e+09
756 1.56934e+09
757 1.62639e+09
758 1.6044e+09
759 1.60218e+09
760 1.59754e+09
761 1.53421e+09
762 1.56357e+09
763 1.61204e+09
764 1.55839e+09
765 1.60888e+09
766 1.50181e+09
767 1.55121e+09
768 1.50244e+09
769 1.57499e+09
770 1.53377e+09
771 1.45381e+09
772 1.5088e+09
773 1.48012e+09
774 1.55049e+09
775 1.38951e+09
776 1.51098e+09
777 1.47494e+09
778 1.49338e+09
779 1.39863e+09
780 1.41709e+09
781 1.38418e+09
782 1.42776e+09
783 1.40722e+09
784 1.40473e+09
785 1.43775e+09
786 1.43624e+09
787 1.41034e+09
788 1.41313e+09
789 1.37198e+09
790 1.38459e+09
791 1.39695e+09
792 1.3276e+09
793 1.43022e+09
794 1.30448e+09
795 1.31118e+09
796 1.37317e+09
797 1.34739e+09
798 1.3523e+09
799 1.32304e+09
800 1.3379e+09
801 1.30955e+09
802 1.34227e+09
803 1.32118e+09
804 1.31755e+09
805 1.30901e+09
806 1.33437e+09
807 1.29347e+09
808 1.30056e+09
809 1.27635e+09
810 1.24806e+09
811 1.30194e+09
812 1.2319e+09
813 1.25689e+09
814 1.28855e+09
815 1.22092e+09
816 1.25891e+09
817 1.26899e+09
818 1.17982e+09
819 1.2054e+09
820 1.23179e+09
821 1.22405e+09
822 1.22381e+09
823 1.24808e+09
824 1.18371e+09
825 1.18713e+09
826 1.19498e+09
827 1.18181e+09
828 1.16691e+09
829 1.16963e+09
830 1.173e+09
831 1.21673e+09
832 1.13651e+09
833 1.16144e+09
834 1.15874e+09
835 1.16617e+09
836 1.16888e+09
837 1.16418e+09
838 1.1417e+09
839 1.13308e+09
840 1.11715e+09
841 1.115e+09
842 1.11702e+09
843 1.12807e+09
844 1.1269e+09
845 1.10272e+09
846 1.0618e+09
847 1.13342e+09
848 1.10806e+09
849 1.09615e+09
850 1.11457e+09
851 1.10243e+09
852 1.07093e+09
853 1.11022e+09
854 1.06912e+09
855 1.10314e+09
856 1.03136e+09
857 1.09055e+09
858 1.11405e+09
859 1.09092e+09
860 1.05261e+09
861 1.03582e+09
862 1.06729e+09
863 1.08094e+09
864 1.03341e+09
865 1.06047e+09
866 1.07599e+09
867 1.04986e+09
868 1.05843e+09
869 1.07453e+09
870 1.0481e+09
871 1.00518e+09
872 9.93166e+08
873 1.02039e+09
874 1.03431e+09
875 1.02936e+09
876 1.00673e+09
877 1.00058e+09
878 1.00093e+09
879 9.98938e+08
880 1.02074e+09
881 9.6537e+08
882 9.98414e+08
883 9.9465e+08
884 9.9497e+08
885 9.99589e+08
886 1.01855e+09
887 9.7216e+08
888 9.53551e+08
889 9.63837e+08
890 9.49881e+08
891 9.81447e+08
892 9.6638e+08
893 9.65758e+08
894 9.56897e+08
895 9.64937e+08
896 9.68907e+08
897 9.47162e+08
898 9.31207e+08
899 9.69667e+08
900 9.46197e+08
901 9.42578e+08
902 9.35589e+08
903 9.0858e+08
904 9.30408e+08
905 8.93522e+08
906 9.52111e+08
907 9.44415e+08
908 8.8898e+08
909 8.80862e+08
910 9.22654e+08
911 9.47584e+08
912 9.12805e+08
913 8.92129e+08
914 9.02583e+08
915 9.04829e+08
916 8.80896e+08
917 8.84931e+08
918 8.74059e+08
919 8.76727e+08
920 9.11804e+08
921 8.95714e+08
922 8.72827e+08
923 8.87183e+08
924 9.03217e+08
925 8.87744e+08
926 8.53423e+08
927 8.74792e+08
928 8.81474e+08
929 8.58685e+08
930 8.55709e+08
931 8.64457e+08
932 8.55569e+08
933 8.48451e+08
934 8.12942e+08
935 8.51832e+08
936 8.68633e+08
937 8.49804e+08
938 8.54987e+08
939 8.42295e+08
940 8.13006e+08
941 8.23183e+08
942 8.39326e+08
943 8.09317e+08
944 8.33363e+08
945 8.26762e+08
946 8.28396e+08
947 8.24711e+08
948 8.59471e+08
949 8.34127e+08
950 8.21138e+08
951 8.2177e+08
952 8.21551e+08
953 7.95269e+08
954 8.05909e+08
955 8.35865e+08
956 8.15325e+08
957 7.99665e+08
958 8.1151e+08
959 8.08854e+08
960 7.94855e+08
961 8.12122e+08
962 7.85199e+08
963 7.85211e+08
964 8.01872e+08
965 7.90174e+08
966 7.78601e+08
967 7.91919e+08
968 7.88867e+08
969 7.8723e+08
970 7.85606e+08
971 8.01379e+08
972 7.76842e+08
973 7.80451e+08
974 7.9887e+08
975 7.68822e+08
976 7.85531e+08
977 7.8733e+08
978 7.9425e+08
979 7.80382e+08
980 7.71894e+08
981 7.50457e+08
982 7.89352e+08
983 7.68523e+08
984 7.94339e+08
985 7.56416e+08
986 7.49595e+08
987 7.67578e+08
988 7.88458e+08
989 7.67849e+08
990 7.30796e+08
991 7.65313e+08
992 7.55319e+08
993 7.50136e+08
994 7.7007e+08
995 7.52546e+08
996 7.61676e+08
997 7.42932e+08
998 7.62105e+08
999 7.68325e+08
1000 7.29104e+08
1001 7.36096e+08
1002 7.44666e+08
1003 7.66385e+08
1004 7.561e+08
1005 7.19502e+08
1006 7.63329e+08
1007 7.43308e+08
1008 7.34095e+08
1009 7.3017e+08
1010 7.52755e+08
1011 7.46337e+08
1012 7.38182e+08
1013 7.09565e+08
1014 7.52165e+08
1015 7.10701e+08
1016 7.43372e+08
1017 7.42247e+08
1018 7.13638e+08
1019 7.16672e+08
1020 7.09974e+08
1021 7.27607e+08
1022 7.13614e+08
1023 7.31124e+08
1024 7.30889e+08
