# input_file=p1_2_4.tif
# Nx=2048
# Ny=2048
0 2.85937e+17
1 6.14724e+12
2 1.56437e+13
3 1.15092e+13
4 1.07305e+13
5 6.60617e+12
6 5.59059e+12
7 3.779e+12
8 3.90177e+12
9 2.10049e+12
10 3.31085e+12
11 1.91448e+12
12 1.66557e+12
13 1.79116e+12
14 1.83213e+12
15 1.2093e+12
16 1.16078e+12
17 1.05149e+12
18 1.17558e+12
19 8.92652e+11
20 7.37842e+11
21 6.39118e+11
22 7.09011e+11
23 7.85071e+11
24 6.26959e+11
25 6.26329e+11
26 6.7311e+11
27 5.70098e+11
28 5.01237e+11
29 5.18734e+11
30 5.73682e+11
31 4.56383e+11
32 4.63351e+11
33 4.11981e+11
34 4.81498e+11
35 4.25273e+11
36 3.89432e+11
37 3.60273e+11
38 3.53438e+11
39 3.87742e+11
40 3.69152e+11
41 3.03396e+11
42 3.12489e+11
43 3.09013e+11
44 2.78674e+11
45 2.2198e+11
46 2.38805e+11
47 2.65669e+11
48 2.51766e+11
49 2.83189e+11
50 2.46591e+11
51 2.40414e+11
52 2.25414e+11
53 2.34264e+11
54 2.20969e+11
55 2.19266e+11
56 1.98214e+11
57 2.20846e+11
58 1.84886e+11
59 2.01018e+11
60 1.98625e+11
61 1.82525e+11
62 1.63151e+11
63 1.9042e+11
64 1.86113e+11
65 1.61758e+11
66 1.69041e+11
67 1.5185e+11
68 1.66322e+11
69 1.68897e+11
70 1.47867e+11
71 1.52213e+11
72 1.73502e+11
73 1.60315e+11
74 1.4697e+11
75 1.48945e+11
76 1.53465e+11
77 1.41688e+11
78 1.48874e+11
79 1.42984e+11
80 1.20919e+11
81 1.32727e+11
82 1.15366e+11
83 1.37721e+11
84 1.15282e+11
85 1.38683e+11
86 1.16076e+11
87 1.08529e+11
88 1.25333e+11
89 1.11976e+11
90 1.19884e+11
91 9.9414e+10
92 1.07767e+11
93 1.0837e+11
94 1.05749e+11
95 1.04296e+11
96 9.3221e+10
97 9.29638e+10
98 8.7957e+10
99 9.26117e+10
100 8.53762e+10
101 9.79772e+10
102 8.96994e+10
103 9.11493e+10
104 8.33866e+10
105 9.04161e+10
106 8.82163e+10
107 8.71053e+10
108 8.49947e+10
109 7.31647e+10
110 9.15413e+10
111 8.09596e+10
112 7.94782e+10
113 7.93625e+10
114 7.97804e+10
115 7.07677e+10
116 6.98529e+10
117 8.03634e+10
118 7.14609e+10
119 6.98037e+10
120 7.13371e+10
121 7.28077e+10
122 7.46678e+10
123 6.90038e+10
124 6.87993e+10
125 6.27408e+10
126 6.84299e+10
127 7.09926e+10
128 6.2659e+10
129 6.96967e+10
130 6.31598e+10
131 6.72245e+10
132 5.81227e+10
133 6.41408e+10
134 6.51884e+10
135 6.01494e+10
136 5.74936e+10
137 5.63997e+10
138 5.61659e+10
139 6.0439e+10
140 5.81398e+10
141 5.89745e+10
142 5.73796e+10
143 5.21481e+10
144 5.43737e+10
145 5.1416e+10
146 5.29427e+10
147 5.03062e+10
148 5.24716e+10
149 4.89705e+10
150 4.75368e+10
151 5.0025e+10
152 4.64179e+10
153 4.65687e+10
154 4.66576e+10
155 4.41375e+10
156 5.06999e+10
157 4.65254e+10
158 4.64103e+10
159 5.01642e+10
160 4.78066e+10
161 4.632e+10
162 4.59309e+10
163 4.08611e+10
164 4.29988e+10
165 4.68476e+10
166 4.08526e+10
167 4.15267e+10
168 4.37998e+10
169 4.3663e+10
170 4.0958e+10
171 4.34381e+10
172 4.34779e+10
173 4.1562e+10
174 4.05691e+10
175 4.0086e+10
176 4.06305e+10
177 3.96991e+10
178 3.9761e+10
179 3.85909e+10
180 3.70821e+10
181 3.74594e+10
182 3.80799e+10
183 3.66935e+10
184 3.41553e+10
185 3.53772e+10
186 3.52674e+10
187 3.26416e+10
188 3.45467e+10
189 3.61395e+10
190 3.21036e+10
191 3.4062e+10
192 3.37462e+10
193 3.65402e+10
194 3.62425e+10
195 3.46974e+10
196 3.63396e+10
197 3.61296e+10
198 3.43364e+10
199 3.16043e+10
200 3.31277e+10
201 3.20113e+10
202 3.08257e+10
203 3.45571e+10
204 3.17596e+10
205 3.28705e+10
206 3.08971e+10
207 2.98641e+10
208 3.10554e+10
209 2.91694e+10
210 3.00972e+10
211 3.13987e+10
212 3.07674e+10
213 3.04819e+10
214 3.01883e+10
215 2.97624e+10
216 3.00757e+10
217 2.84038e+10
218 3.05353e+10
219 2.77761e+10
220 2.77163e+10
221 3.09105e+10
222 3.00292e+10
223 2.99805e+10
224 2.77477e+10
225 2.88774e+10
226 2.8354e+10
227 2.74566e+10
228 2.45732e+10
229 2.88367e+10
230 2.77194e+10
231 2.58205e+10
232 2.47929e+10
233 2.62598e+10
234 2.7005e+10
235 2.84422e+10
236 2.52598e+10
237 2.67843e+10
238 2.55053e+10
239 2.50478e+10
240 2.62251e+10
241 2.54099e+10
242 2.47807e+10
243 2.65125e+10
244 2.50936e+10
245 2.59635e+10
246 2.43865e+10
247 2.58037e+10
248 2.42284e+10
249 2.43242e+10
250 2.4688e+10
251 2.45747e+10
252 2.26786e+10
253 2.40831e+10
254 2.3494e+10
255 2.3192e+10
256 2.33514e+10
257 2.27809e+10
258 2.22891e+10
259 2.37096e+10
260 2.37867e+10
261 2.20773e+10
262 2.30356e+10
263 2.33732e+10
264 2.22599e+10
265 2.04317e+10
266 2.16538e+10
267 2.22739e+10
268 2.16965e+10
269 2.09947e+10
270 2.16631e+10
271 2.20163e+10
272 2.12403e+10
273 2.14336e+10
274 2.0106e+10
275 2.13502e+10
276 2.09426e+10
277 2.09746e+10
278 2.03355e+10
279 2.1791e+10
280 2.04765e+10
281 2.17621e+10
282 2.0268e+10
283 2.10077e+10
284 1.98287e+10
285 1.99876e+10
286 2.00193e+10
287 1.91607e+10
288 1.97306e+10
289 1.8742e+10
290 1.98298e+10
291 1.90266e+10
292 2.04635e+10
293 1.83803e+10
294 1.88366e+10
295 1.85987e+10
296 1.96403e+10
297 1.87026e+10
298 1.82992e+10
299 1.83574e+10
300 1.91282e+10
301 1.78159e+10
302 1.84642e+10
303 1.96887e+10
304 1.72865e+10
305 1.74184e+10
306 1.79329e+10
307 1.7709e+10
308 1.647e+10
309 1.7126e+10
310 1.70188e+10
311 1.75938e+10
312 1.7329e+10
313 1.77068e+10
314 1.66217e+10
315 1.64422e+10
316 1.75278e+10
317 1.67899e+10
318 1.68737e+10
319 1.68696e+10
320 1.70516e+10
321 1.61881e+10
322 1.5075e+10
323 1.60005e+10
324 1.65778e+10
325 1.55769e+10
326 1.66532e+10
327 1.53513e+10
328 1.46368e+10
329 1.55484e+10
330 1.48878e+10
331 1.54459e+10
332 1.51094e+10
333 1.55518e+10
334 1.52738e+10
335 1.51101e+10
336 1.41625e+10
337 1.44968e+10
338 1.45448e+10
339 1.50063e+10
340 1.50283e+10
341 1.43637e+10
342 1.39967e+10
343 1.48457e+10
344 1.43226e+10
345 1.45219e+10
346 1.42179e+10
347 1.34739e+10
348 1.3671e+10
349 1.3845e+10
350 1.35705e+10
351 1.39628e+10
352 1.37091e+10
353 1.31486e+10
354 1.28329e+10
355 1.35972e+10
356 1.38354e+10
357 1.26613e+10
358 1.34524e+10
359 1.3366e+10
360 1.28722e+10
361 1.34124e+10
362 1.32563e+10
363 1.39778e+10
364 1.31569e+10
365 1.27031e+10
366 1.31614e+10
367 1.25011e+10
368 1.21238e+10
369 1.27733e+10
370 1.25208e+10
371 1.26789e+10
372 1.20827e+10
373 1.24112e+10
374 1.24379e+10
375 1.19899e+10
376 1.18909e+10
377 1.16588e+10
378 1.22722e+10
379 1.1671e+10
380 1.23449e+10
381 1.19012e+10
382 1.21038e+10
383 1.15813e+10
384 1.14961e+10
385 1.16574e+10
386 1.15697e+10
387 1.14739e+10
388 1.07792e+10
389 1.15433e+10
390 1.12094e+10
391 1.17167e+10
392 1.06579e+10
393 1.17491e+10
394 1.14679e+10
395 1.13953e+10
396 1.08003e+10
397 1.03733e+10
398 1.03434e+10
399 1.14739e+10
400 1.04356e+10
401 1.03951e+10
402 1.06474e+10
403 1.02035e+10
404 1.04721e+10
405 1.05033e+10
406 1.03918e+10
407 1.05813e+10
408 1.03088e+10
409 1.0168e+10
410 1.01359e+10
411 1.01664e+10
412 1.02995e+10
413 9.89884e+09
414 9.82967e+09
415 9.59611e+09
416 9.64327e+09
417 9.89473e+09
418 9.88232e+09
419 9.31314e+09
420 9.71618e+09
421 9.68258e+09
422 9.62895e+09
423 9.66194e+09
424 9.3492e+09
425 9.4785e+09
426 9.23511e+09
427 9.17392e+09
428 9.37272e+09
429 9.32643e+09
430 9.01082e+09
431 9.02728e+09
432 9.13905e+09
433 8.87818e+09
434 8.83286e+09
435 9.2656e+09
436 8.90076e+09
437 8.94214e+09
438 8.92334e+09
439 8.53161e+09
440 8.64223e+09
441 8.08518e+09
442 8.6008e+09
443 8.61677e+09
444 8.61013e+09
445 8.22793e+09
446 8.25964e+09
447 8.5434e+09
448 8.14574e+09
449 8.35153e+09
450 8.16396e+09
451 7.95308e+09
452 8.10692e+09
453 7.80849e+09
454 7.66094e+09
455 8.24873e+09
456 7.90801e+09
457 8.10696e+09
458 7.6541e+09
459 7.99626e+09
460 7.74898e+09
461 7.75318e+09
462 7.90728e+09
463 7.65968e+09
464 7.50811e+09
465 7.71969e+09
466 7.51071e+09
467 7.28169e+09
468 7.44046e+09
469 7.31287e+09
470 7.47692e+09
471 7.4597e+09
472 6.96132e+09
473 7.41015e+09
474 7.75339e+09
475 7.10144e+09
476 7.16027e+09
477 7.06552e+09
478 7.01384e+09
479 7.00189e+09
480 6.91577e+09
481 7.00497e+09
482 6.99564e+09
483 6.91691e+09
484 6.97335e+09
485 6.80983e+09
486 6.91155e+09
487 6.88761e+09
488 6.56645e+09
489 6.54022e+09
490 6.60315e+09
491 6.7552e+09
492 6.87549e+09
493 6.52606e+09
494 6.46844e+09
495 6.33885e+09
496 6.53209e+09
497 6.63972e+09
498 6.35085e+09
499 6.3445e+09
500 6.3033e+09
501 6.08043e+09
502 6.3573e+09
503 6.39072e+09
504 6.08948e+09
505 6.16355e+09
506 6.0449e+09
507 6.16779e+09
508 5.87086e+09
509 5.99336e+09
510 6.08983e+09
511 5.95115e+09
512 6.15531e+09
513 5.73321e+09
514 6.00415e+09
515 5.79134e+09
516 5.75975e+09
517 5.81869e+09
518 5.8343e+09
519 5.6624e+09
520 5.49667e+09
521 5.84623e+09
522 5.40557e+09
523 5.88786e+09
524 5.67557e+09
525 5.68389e+09
526 5.79049e+09
527 5.63063e+09
528 5.55384e+09
529 5.61569e+09
530 5.80243e+09
531 5.41869e+09
532 5.30343e+09
533 5.3191e+09
534 5.24387e+09
535 5.35145e+09
536 5.34779e+09
537 5.09648e+09
538 5.10397e+09
539 5.23449e+09
540 5.18849e+09
541 5.17742e+09
542 5.03878e+09
543 5.07279e+09
544 5.02266e+09
545 5.12489e+09
546 4.9573e+09
547 5.15945e+09
548 5.02678e+09
549 4.90462e+09
550 4.74367e+09
551 4.96547e+09
552 4.88302e+09
553 4.94887e+09
554 4.74987e+09
555 4.88955e+09
556 4.92844e+09
557 4.90911e+09
558 4.88109e+09
559 4.6852e+09
560 4.82515e+09
561 4.74799e+09
562 4.76373e+09
563 4.76812e+09
564 4.53858e+09
565 4.47601e+09
566 4.63572e+09
567 4.49259e+09
568 4.63249e+09
569 4.50697e+09
570 4.62275e+09
571 4.42563e+09
572 4.46459e+09
573 4.30008e+09
574 4.30182e+09
575 4.35332e+09
576 4.37067e+09
577 4.19368e+09
578 4.38365e+09
579 4.09e+09
580 4.33081e+09
581 4.16835e+09
582 4.0301e+09
583 4.12661e+09
584 4.04536e+09
585 4.07098e+09
586 3.92518e+09
587 4.26525e+09
588 4.05163e+09
589 4.17473e+09
590 4.17189e+09
591 4.0648e+09
592 4.00722e+09
593 4.02553e+09
594 4.0567e+09
595 3.78872e+09
596 4.09003e+09
597 3.7808e+09
598 3.76343e+09
599 3.84277e+09
600 4.03563e+09
601 3.78564e+09
602 3.91877e+09
603 3.64169e+09
604 3.80197e+09
605 3.69514e+09
606 3.7206e+09
607 3.68335e+09
608 3.59966e+09
609 3.68585e+09
610 3.50573e+09
611 3.63219e+09
612 3.6421e+09
613 3.63583e+09
614 3.64238e+09
615 3.56378e+09
616 3.62981e+09
617 3.60697e+09
618 3.66684e+09
619 3.63033e+09
620 3.6555e+09
621 3.54359e+09
622 3.60715e+09
623 3.39341e+09
624 3.49293e+09
625 3.41606e+09
626 3.40596e+09
627 3.34905e+09
628 3.40367e+09
629 3.34638e+09
630 3.32084e+09
631 3.33487e+09
632 3.23021e+09
633 3.29946e+09
634 3.25889e+09
635 3.27179e+09
636 3.3705e+09
637 3.17249e+09
638 3.14977e+09
639 3.1503e+09
640 3.12313e+09
641 3.13559e+09
642 3.18906e+09
643 3.16214e+09
644 2.98284e+09
645 3.08142e+09
646 3.04637e+09
647 3.00865e+09
648 3.0193e+09
649 2.88555e+09
650 2.94658e+09
651 3.01252e+09
652 3.08745e+09
653 2.94514e+09
654 2.91801e+09
655 2.86371e+09
656 2.90685e+09
657 2.86536e+09
658 2.90615e+09
659 2.90478e+09
660 2.93176e+09
661 2.93477e+09
662 2.81943e+09
663 2.84944e+09
664 2.83645e+09
665 2.8372e+09
666 2.72915e+09
667 2.85656e+09
668 2.78665e+09
669 2.76589e+09
670 2.82532e+09
671 2.75256e+09
672 2.73732e+09
673 2.83286e+09
674 2.65193e+09
675 2.6253e+09
676 2.6788e+09
677 2.69974e+09
678 2.54695e+09
679 2.57542e+09
680 2.70194e+09
681 2.672e+09
682 2.6687e+09
683 2.58254e+09
684 2.6044e+09
685 2.49886e+09
686 2.48449e+09
687 2.49569e+09
688 2.52192e+09
689 2.50231e+09
690 2.5474e+09
691 2.55537e+09
692 2.48172e+09
693 2.48221e+09
694 2.40519e+09
695 2.43477e+09
696 2.40256e+09
697 2.40374e+09
698 2.42706e+09
699 2.4919e+09
700 2.28926e+09
701 2.37217e+09
702 2.37005e+09
703 2.43432e+09
704 2.33614e+09
705 2.26852e+09
706 2.26754e+09
707 2.24024e+09
708 2.40468e+09
709 2.25835e+09
710 2.2445e+09
711 2.18019e+09
712 2.22971e+09
713 2.26537e+09
714 2.34143e+09
715 2.22135e+09
716 2.23558e+09
717 2.19855e+09
718 2.18605e+09
719 2.19582e+09
720 2.12955e+09
721 2.08673e+09
722 2.16137e+09
723 2.12672e+09
724 2.1542e+09
725 2.11664e+09
726 2.09068e+09
727 2.21352e+09
728 2.11554e+09
729 2.05674e+09
730 2.15484e+09
731 2.09148e+09
732 2.06287e+09
733 2.10059e+09
734 2.01927e+09
735 2.0007e+09
736 2.12011e+09
737 1.98452e+09
738 2.11734e+09
739 2.00565e+09
740 1.95863e+09
741 1.92544e+09
742 1.92008e+09
743 1.91346e+09
744 1.95981e+09
745 2.01101e+09
746 1.92988e+09
747 1.9063e+09
748 1.94192e+09
749 1.98514e+09
750 1.90316e+09
751 1.901e+09
752 1.80243e+09
753 1.89938e+09
754 1.92045e+09
755 1.90792e+09
756 1.81533e+09
757 1.85867e+09
758 1.87054e+09
759 1.87204e+09
760 1.82118e+09
761 1.77483e+09
762 1.78356e+09
763 1.81405e+09
764 1.81277e+09
765 1.76568e+09
766 1.79264e+09
767 1.78056e+09
768 1.76298e+09
769 1.72596e+09
770 1.76835e+09
771 1.73267e+09
772 1.71108e+09
773 1.71894e+09
774 1.71757e+09
775 1.72731e+09
776 1.71045e+09
777 1.70563e+09
778 1.66067e+09
779 1.6625e+09
780 1.6762e+09
781 1.67047e+09
782 1.62269e+09
783 1.66308e+09
784 1.61545e+09
785 1.67061e+09
786 1.62676e+09
787 1.63469e+09
788 1.60074e+09
789 1.62685e+09
790 1.60883e+09
791 1.62455e+09
792 1.6173e+09
793 1.57782e+09
794 1.56136e+09
795 1.55143e+09
796 1.599e+09
797 1.56395e+09
798 1.56399e+09
799 1.5759e+09
800 1.54761e+09
801 1.53493e+09
802 1.56552e+09
803 1.51231e+09
804 1.48739e+09
805 1.49283e+09
806 1.4937e+09
807 1.50457e+09
808 1.51656e+09
809 1.50713e+09
810 1.4861e+09
811 1.49978e+09
812 1.48453e+09
813 1.44566e+09
814 1.48369e+09
815 1.44242e+09
816 1.50191e+09
817 1.4276e+09
818 1.42849e+09
819 1.41945e+09
820 1.48013e+09
821 1.44835e+09
822 1.36744e+09
823 1.43779e+09
824 1.42451e+09
825 1.37526e+09
826 1.35807e+09
827 1.3592e+09
828 1.4269e+09
829 1.39348e+09
830 1.37576e+09
831 1.40417e+09
832 1.44849e+09
833 1.29708e+09
834 1.36595e+09
835 1.36508e+09
836 1.35908e+09
837 1.31314e+09
838 1.32491e+09
839 1.35625e+09
840 1.3649e+09
841 1.30643e+09
842 1.32104e+09
843 1.33159e+09
844 1.31305e+09
845 1.3414e+09
846 1.2668e+09
847 1.32057e+09
848 1.29906e+09
849 1.27494e+09
850 1.27098e+09
851 1.24125e+09
852 1.28507e+09
853 1.27339e+09
854 1.2149e+09
855 1.29608e+09
856 1.2737e+09
857 1.27478e+09
858 1.20502e+09
859 1.24713e+09
860 1.23541e+09
861 1.22631e+09
862 1.19271e+09
863 1.26138e+09
864 1.23416e+09
865 1.26624e+09
866 1.20821e+09
867 1.19302e+09
868 1.19458e+09
869 1.23276e+09
870 1.20748e+09
871 1.16357e+09
872 1.19392e+09
873 1.17586e+09
874 1.17952e+09
875 1.16144e+09
876 1.19887e+09
877 1.18649e+09
878 1.16163e+09
879 1.15238e+09
880 1.1297e+09
881 1.14429e+09
882 1.14075e+09
883 1.09837e+09
884 1.15343e+09
885 1.13952e+09
886 1.12497e+09
887 1.12486e+09
888 1.14365e+09
889 1.10676e+09
890 1.13385e+09
891 1.08737e+09
892 1.1275e+09
893 1.12426e+09
894 1.12665e+09
895 1.07834e+09
896 1.11834e+09
897 1.13262e+09
898 1.08793e+09
899 1.06775e+09
900 1.08982e+09
901 1.07075e+09
902 1.05286e+09
903 1.0605e+09
904 1.0912e+09
905 1.07454e+09
906 1.05404e+09
907 1.06503e+09
908 1.04033e+09
909 1.03766e+09
910 1.06984e+09
911 1.06101e+09
912 1.08003e+09
913 1.08874e+09
914 1.01484e+09
915 1.06715e+09
916 1.02597e+09
917 1.04859e+09
918 1.01478e+09
919 1.03293e+09
920 1.00495e+09
921 1.00229e+09
922 1.02956e+09
923 9.88898e+08
924 9.95555e+08
925 9.84488e+08
926 9.9992e+08
927 1.00142e+09
928 9.77621e+08
929 1.03482e+09
930 1.03506e+09
931 1.00448e+09
932 9.74877e+08
933 1.01659e+09
934 9.71713e+08
935 1.00307e+09
936 9.69198e+08
937 1.00543e+09
938 9.54859e+08
939 9.67408e+08
940 9.67988e+08
941 9.57092e+08
942 9.85381e+08
943 9.70543e+08
944 9.40573e+08
945 9.60241e+08
946 9.63072e+08
947 9.51497e+08
948 9.32069e+08
949 9.43028e+08
950 9.75292e+08
951 9.69133e+08
952 9.31679e+08
953 9.41977e+08
954 9.28669e+08
955 9.01089e+08
956 9.18953e+08
957 9.51415e+08
958 9.20745e+08
959 9.34296e+08
960 9.50685e+08
961 9.21783e+08
962 9.35487e+08
963 9.19115e+08
964 8.94191e+08
965 9.01526e+08
966 9.27994e+08
967 9.30556e+08
968 9.16216e+08
969 9.12189e+08
970 9.21421e+08
971 8.70563e+08
972 9.01799e+08
973 8.67285e+08
974 8.92057e+08
975 9.15705e+08
976 8.87622e+08
977 9.02273e+08
978 8.98357e+08
979 8.90102e+08
980 8.69853e+08
981 8.73437e+08
982 8.88607e+08
983 9.0447e+08
984 8.7468e+08
985 8.67077e+08
986 9.01975e+08
987 9.026e+08
988 8.65313e+08
989 8.8772e+08
990 8.81991e+08
991 8.71347e+08
992 8.78347e+08
993 9.04519e+08
994 8.43054e+08
995 8.6857e+08
996 8.74284e+08
997 8.67632e+08
998 8.60205e+08
999 8.68181e+08
1000 8.63377e+08
1001 8.42046e+08
1002 8.8516e+08
1003 8.75839e+08
1004 8.65318e+08
1005 8.56547e+08
1006 8.54867e+08
1007 8.54318e+08
1008 8.49946e+08
1009 8.68659e+08
1010 8.4161e+08
1011 8.46282e+08
1012 8.31659e+08
1013 8.34132e+08
1014 8.364e+08
1015 8.50748e+08
1016 8.39414e+08
1017 8.37653e+08
1018 8.44751e+08
1019 8.13943e+08
1020 8.17987e+08
1021 8.34313e+08
1022 8.31214e+08
1023 8.40674e+08
1024 8.43048e+08
