# input_file=p1_3_0.tif
# Nx=2048
# Ny=2048
0 2.8519e+17
1 3.51093e+13
2 2.51872e+13
3 1.24732e+13
4 5.19754e+12
5 9.10067e+12
6 6.46621e+12
7 4.43476e+12
8 4.81443e+12
9 4.03318e+12
10 3.47519e+12
11 3.26745e+12
12 2.11669e+12
13 1.88611e+12
14 1.60846e+12
15 1.51845e+12
16 1.49989e+12
17 1.6306e+12
18 1.21276e+12
19 9.31343e+11
20 7.45293e+11
21 9.56644e+11
22 7.73168e+11
23 6.37457e+11
24 6.68347e+11
25 6.26375e+11
26 5.76484e+11
27 6.08065e+11
28 5.49181e+11
29 5.61441e+11
30 5.36742e+11
31 4.07833e+11
32 4.70769e+11
33 4.19337e+11
34 4.44336e+11
35 3.82584e+11
36 3.83967e+11
37 3.39364e+11
38 3.60096e+11
39 3.27219e+11
40 2.92573e+11
41 3.27382e+11
42 3.05386e+11
43 2.85227e+11
44 3.04681e+11
45 2.8008e+11
46 2.2505e+11
47 2.57812e+11
48 2.4575e+11
49 2.33028e+11
50 2.30015e+11
51 2.37424e+11
52 2.2829e+11
53 2.36612e+11
54 2.07059e+11
55 2.29996e+11
56 2.01366e+11
57 2.13593e+11
58 1.98364e+11
59 1.65064e+11
60 1.71775e+11
61 1.73551e+11
62 1.78248e+11
63 1.6809e+11
64 1.7788e+11
65 1.72338e+11
66 1.66842e+11
67 1.7837e+11
68 1.62725e+11
69 1.48624e+11
70 1.54956e+11
71 1.54556e+11
72 1.48016e+11
73 1.52866e+11
74 1.56748e+11
75 1.481e+11
76 1.40446e+11
77 1.29523e+11
78 1.37687e+11
79 1.19492e+11
80 1.42121e+11
81 1.36865e+11
82 1.40553e+11
83 1.22921e+11
84 1.27277e+11
85 1.32971e+11
86 1.27848e+11
87 1.16743e+11
88 1.09398e+11
89 1.097e+11
90 1.07289e+11
91 1.00418e+11
92 1.16119e+11
93 1.0521e+11
94 1.11492e+11
95 9.85412e+10
96 1.05112e+11
97 9.61867e+10
98 8.96837e+10
99 1.13291e+11
100 9.67747e+10
101 9.89192e+10
102 8.56342e+10
103 9.12592e+10
104 9.79273e+10
105 9.7396e+10
106 8.86417e+10
107 8.66161e+10
108 8.60623e+10
109 8.8231e+10
110 9.51571e+10
111 8.29524e+10
112 9.19657e+10
113 8.25203e+10
114 7.50056e+10
115 7.64328e+10
116 8.05823e+10
117 6.9293e+10
118 6.99281e+10
119 8.1251e+10
120 7.22394e+10
121 6.95921e+10
122 6.9497e+10
123 7.00016e+10
124 6.85879e+10
125 7.28004e+10
126 6.93949e+10
127 6.93221e+10
128 6.99733e+10
129 6.37582e+10
130 6.42321e+10
131 6.54525e+10
132 6.55368e+10
133 6.49523e+10
134 6.02758e+10
135 5.90388e+10
136 5.76415e+10
137 5.99475e+10
138 5.97316e+10
139 5.71882e+10
140 5.98169e+10
141 6.33544e+10
142 5.42606e+10
143 5.39642e+10
144 5.25308e+10
145 5.44434e+10
146 5.33985e+10
147 5.55206e+10
148 5.3125e+10
149 5.06693e+10
150 5.30211e+10
151 5.03914e+10
152 4.86728e+10
153 5.04833e+10
154 5.2125e+10
155 4.75864e+10
156 4.77214e+10
157 4.92964e+10
158 4.803e+10
159 4.75855e+10
160 4.62574e+10
161 4.49945e+10
162 4.27382e+10
163 4.36651e+10
164 3.78376e+10
165 4.35858e+10
166 4.39422e+10
167 4.26969e+10
168 4.37947e+10
169 4.18304e+10
170 4.31227e+10
171 4.04387e+10
172 4.0869e+10
173 3.65911e+10
174 4.3958e+10
175 3.61298e+10
176 3.78144e+10
177 3.78114e+10
178 3.85438e+10
179 3.6711e+10
180 3.62615e+10
181 3.62509e+10
182 3.61618e+10
183 3.87308e+10
184 3.5172e+10
185 3.5795e+10
186 3.49322e+10
187 3.05567e+10
188 3.34421e+10
189 3.44786e+10
190 3.403e+10
191 3.3081e+10
192 3.37114e+10
193 3.40238e+10
194 3.5754e+10
195 3.26402e+10
196 3.37654e+10
197 3.38587e+10
198 3.24338e+10
199 3.30284e+10
200 3.41351e+10
201 3.15995e+10
202 3.06825e+10
203 3.36661e+10
204 3.25877e+10
205 3.10147e+10
206 2.85977e+10
207 2.99048e+10
208 3.0186e+10
209 2.96484e+10
210 2.97136e+10
211 2.85253e+10
212 3.03444e+10
213 2.77194e+10
214 2.95885e+10
215 2.79028e+10
216 2.79443e+10
217 2.88752e+10
218 2.70249e+10
219 2.81568e+10
220 2.72459e+10
221 2.74327e+10
222 2.81876e+10
223 2.68111e+10
224 2.65775e+10
225 2.6708e+10
226 2.67708e+10
227 2.71493e+10
228 2.56721e+10
229 2.63411e+10
230 2.74647e+10
231 2.61807e+10
232 2.64766e+10
233 2.41277e+10
234 2.53529e+10
235 2.52169e+10
236 2.54609e+10
237 2.56706e+10
238 2.517e+10
239 2.34829e+10
240 2.36068e+10
241 2.39936e+10
242 2.25952e+10
243 2.42692e+10
244 2.32054e+10
245 2.32889e+10
246 2.44286e+10
247 2.29636e+10
248 2.52612e+10
249 2.26856e+10
250 2.25261e+10
251 2.31923e+10
252 2.1833e+10
253 2.13132e+10
254 2.28768e+10
255 2.11509e+10
256 2.28127e+10
257 2.19034e+10
258 2.08404e+10
259 2.15321e+10
260 2.07876e+10
261 2.02923e+10
262 2.16075e+10
263 2.09638e+10
264 2.15629e+10
265 2.20412e+10
266 2.18077e+10
267 1.98485e+10
268 2.10995e+10
269 1.95285e+10
270 2.13541e+10
271 2.02012e+10
272 1.88987e+10
273 1.96893e+10
274 1.92238e+10
275 1.93742e+10
276 1.91695e+10
277 1.95357e+10
278 1.93814e+10
279 1.89368e+10
280 2.0035e+10
281 1.79266e+10
282 1.92629e+10
283 1.93978e+10
284 1.70102e+10
285 1.95942e+10
286 1.87618e+10
287 1.66155e+10
288 1.94586e+10
289 1.87816e+10
290 1.75207e+10
291 1.79849e+10
292 1.7492e+10
293 1.75892e+10
294 1.78277e+10
295 1.80925e+10
296 1.82303e+10
297 1.77236e+10
298 1.71604e+10
299 1.81628e+10
300 1.58777e+10
301 1.6628e+10
302 1.69646e+10
303 1.66246e+10
304 1.70399e+10
305 1.56553e+10
306 1.65684e+10
307 1.643e+10
308 1.68721e+10
309 1.55521e+10
310 1.54257e+10
311 1.61354e+10
312 1.56446e+10
313 1.60884e+10
314 1.60796e+10
315 1.52348e+10
316 1.46177e+10
317 1.47538e+10
318 1.56612e+10
319 1.52229e+10
320 1.51622e+10
321 1.51416e+10
322 1.54556e+10
323 1.52689e+10
324 1.50241e+10
325 1.50873e+10
326 1.54833e+10
327 1.42005e+10
328 1.49299e+10
329 1.46111e+10
330 1.40238e+10
331 1.48743e+10
332 1.45322e+10
333 1.58543e+10
334 1.42403e+10
335 1.38112e+10
336 1.41157e+10
337 1.40319e+10
338 1.38036e+10
339 1.36823e+10
340 1.32071e+10
341 1.33519e+10
342 1.41894e+10
343 1.36286e+10
344 1.31939e+10
345 1.37919e+10
346 1.37597e+10
347 1.34608e+10
348 1.30544e+10
349 1.3007e+10
350 1.30805e+10
351 1.28331e+10
352 1.30774e+10
353 1.26681e+10
354 1.28896e+10
355 1.26907e+10
356 1.29483e+10
357 1.27104e+10
358 1.26614e+10
359 1.22686e+10
360 1.18417e+10
361 1.26696e+10
362 1.20543e+10
363 1.28423e+10
364 1.2601e+10
365 1.23262e+10
366 1.20093e+10
367 1.24586e+10
368 1.20291e+10
369 1.20183e+10
370 1.16654e+10
371 1.16694e+10
372 1.12448e+10
373 1.12391e+10
374 1.12752e+10
375 1.12382e+10
376 1.17936e+10
377 1.22098e+10
378 1.15249e+10
379 1.13414e+10
380 1.0983e+10
381 1.1135e+10
382 1.08336e+10
383 1.04932e+10
384 1.10294e+10
385 1.07753e+10
386 1.02373e+10
387 1.0924e+10
388 1.04672e+10
389 1.03346e+10
390 1.08266e+10
391 1.00344e+10
392 1.07663e+10
393 1.02914e+10
394 9.87392e+09
395 1.0048e+10
396 1.03545e+10
397 9.84838e+09
398 9.53281e+09
399 1.00655e+10
400 1.04452e+10
401 9.82726e+09
402 9.41079e+09
403 9.52385e+09
404 9.87665e+09
405 9.81704e+09
406 9.62705e+09
407 9.26889e+09
408 9.43784e+09
409 9.49012e+09
410 9.83961e+09
411 9.28118e+09
412 9.42572e+09
413 9.2761e+09
414 9.55225e+09
415 9.21143e+09
416 8.44331e+09
417 9.15867e+09
418 9.22822e+09
419 9.2609e+09
420 8.9575e+09
421 9.24409e+09
422 8.90654e+09
423 8.52306e+09
424 8.68725e+09
425 8.6613e+09
426 8.77134e+09
427 8.26024e+09
428 8.19744e+09
429 8.51038e+09
430 8.49275e+09
431 8.50154e+09
432 8.1582e+09
433 8.36241e+09
434 8.56611e+09
435 8.38729e+09
436 8.30953e+09
437 8.55713e+09
438 8.25443e+09
439 8.26902e+09
440 7.92488e+09
441 7.88901e+09
442 8.12445e+09
443 8.02891e+09
444 7.93961e+09
445 7.59051e+09
446 7.66257e+09
447 7.4113e+09
448 7.56281e+09
449 7.9649e+09
450 7.97641e+09
451 7.41416e+09
452 7.7811e+09
453 7.77691e+09
454 7.70477e+09
455 7.34672e+09
456 7.46368e+09
457 7.32645e+09
458 6.8385e+09
459 7.26096e+09
460 7.27085e+09
461 7.36274e+09
462 7.30066e+09
463 7.19909e+09
464 6.9514e+09
465 7.01755e+09
466 6.78987e+09
467 6.92917e+09
468 6.84703e+09
469 6.92453e+09
470 6.83874e+09
471 6.89379e+09
472 6.50539e+09
473 6.61498e+09
474 6.69386e+09
475 6.47809e+09
476 6.62339e+09
477 6.61018e+09
478 6.8222e+09
479 6.67169e+09
480 6.55834e+09
481 6.58023e+09
482 6.43554e+09
483 6.63381e+09
484 6.33256e+09
485 6.4705e+09
486 6.29689e+09
487 6.05643e+09
488 6.26039e+09
489 6.04316e+09
490 6.28355e+09
491 6.18908e+09
492 5.93567e+09
493 6.1388e+09
494 5.95376e+09
495 5.71709e+09
496 5.97345e+09
497 5.88571e+09
498 5.90432e+09
499 5.69382e+09
500 5.86905e+09
501 5.77194e+09
502 5.84471e+09
503 5.83869e+09
504 5.7892e+09
505 5.67465e+09
506 5.7021e+09
507 5.70386e+09
508 5.70616e+09
509 5.76635e+09
510 5.72831e+09
511 5.66292e+09
512 5.4811e+09
513 5.42338e+09
514 5.62279e+09
515 5.27598e+09
516 5.44402e+09
517 5.21326e+09
518 5.38475e+09
519 5.12676e+09
520 5.36961e+09
521 5.01275e+09
522 5.24075e+09
523 4.99346e+09
524 5.1859e+09
525 5.35895e+09
526 5.00821e+09
527 4.94333e+09
528 4.9785e+09
529 5.0999e+09
530 4.99971e+09
531 4.92101e+09
532 4.87181e+09
533 4.85578e+09
534 4.90239e+09
535 5.00722e+09
536 4.88037e+09
537 4.69185e+09
538 4.58075e+09
539 4.60217e+09
540 4.55298e+09
541 4.59904e+09
542 4.54962e+09
543 4.5726e+09
544 4.61551e+09
545 4.7839e+09
546 4.47232e+09
547 4.53758e+09
548 4.61555e+09
549 4.40249e+09
550 4.52578e+09
551 4.55757e+09
552 4.43402e+09
553 4.40639e+09
554 4.28659e+09
555 4.18623e+09
556 4.48444e+09
557 4.27472e+09
558 4.27709e+09
559 4.28537e+09
560 4.08541e+09
561 4.32027e+09
562 4.21836e+09
563 4.20244e+09
564 4.17114e+09
565 4.00691e+09
566 4.14209e+09
567 4.19873e+09
568 4.00068e+09
569 3.99478e+09
570 4.1001e+09
571 3.97253e+09
572 3.88952e+09
573 4.16964e+09
574 3.97819e+09
575 4.01823e+09
576 3.90521e+09
577 3.9008e+09
578 3.86841e+09
579 3.83942e+09
580 3.78848e+09
581 3.85537e+09
582 3.76524e+09
583 3.73919e+09
584 3.78615e+09
585 3.79264e+09
586 3.72482e+09
587 3.91998e+09
588 3.61498e+09
589 3.60101e+09
590 3.67801e+09
591 3.55763e+09
592 3.74657e+09
593 3.69335e+09
594 3.46466e+09
595 3.47166e+09
596 3.53278e+09
597 3.53891e+09
598 3.36371e+09
599 3.48875e+09
600 3.36973e+09
601 3.51021e+09
602 3.37747e+09
603 3.34829e+09
604 3.35662e+09
605 3.3799e+09
606 3.29244e+09
607 3.23936e+09
608 3.29116e+09
609 3.35693e+09
610 3.17476e+09
611 3.31712e+09
612 3.24062e+09
613 3.15961e+09
614 3.29371e+09
615 3.27318e+09
616 3.02264e+09
617 3.19651e+09
618 3.18407e+09
619 3.0988e+09
620 3.14228e+09
621 3.10782e+09
622 3.10113e+09
623 3.11802e+09
624 3.04125e+09
625 3.08119e+09
626 3.1144e+09
627 3.12892e+09
628 3.05339e+09
629 3.04704e+09
630 2.97146e+09
631 3.0159e+09
632 3.08951e+09
633 2.92477e+09
634 2.94966e+09
635 2.79863e+09
636 2.70375e+09
637 2.92394e+09
638 2.87716e+09
639 2.80714e+09
640 2.75942e+09
641 2.75304e+09
642 2.75817e+09
643 2.81108e+09
644 2.66677e+09
645 2.73627e+09
646 2.70492e+09
647 2.68636e+09
648 2.58948e+09
649 2.69926e+09
650 2.6374e+09
651 2.78599e+09
652 2.63699e+09
653 2.59139e+09
654 2.60652e+09
655 2.60955e+09
656 2.7264e+09
657 2.62833e+09
658 2.65668e+09
659 2.59424e+09
660 2.5722e+09
661 2.58143e+09
662 2.5477e+09
663 2.40372e+09
664 2.5744e+09
665 2.49906e+09
666 2.52553e+09
667 2.46835e+09
668 2.43645e+09
669 2.41844e+09
670 2.32984e+09
671 2.40536e+09
672 2.44427e+09
673 2.40951e+09
674 2.48942e+09
675 2.34925e+09
676 2.34007e+09
677 2.41283e+09
678 2.33935e+09
679 2.34139e+09
680 2.33191e+09
681 2.337e+09
682 2.25892e+09
683 2.33277e+09
684 2.2921e+09
685 2.28419e+09
686 2.23626e+09
687 2.23715e+09
688 2.1475e+09
689 2.1451e+09
690 2.14542e+09
691 2.26786e+09
692 2.22849e+09
693 2.18599e+09
694 2.19436e+09
695 2.15487e+09
696 2.07095e+09
697 2.25377e+09
698 2.11134e+09
699 2.11712e+09
700 2.09178e+09
701 2.05206e+09
702 2.10231e+09
703 2.06898e+09
704 2.14164e+09
705 1.95638e+09
706 2.11721e+09
707 1.98038e+09
708 2.00283e+09
709 2.02374e+09
710 1.99144e+09
711 2.01817e+09
712 1.98611e+09
713 1.90845e+09
714 1.94534e+09
715 1.96571e+09
716 1.97538e+09
717 1.91928e+09
718 1.88817e+09
719 1.90105e+09
720 1.90377e+09
721 1.89914e+09
722 1.90104e+09
723 1.90694e+09
724 1.9182e+09
725 1.84969e+09
726 1.82515e+09
727 1.84747e+09
728 1.81847e+09
729 1.81019e+09
730 1.81982e+09
731 1.84531e+09
732 1.80321e+09
733 1.71989e+09
734 1.72845e+09
735 1.77527e+09
736 1.78961e+09
737 1.78942e+09
738 1.76406e+09
739 1.78585e+09
740 1.72709e+09
741 1.76702e+09
742 1.76446e+09
743 1.77468e+09
744 1.72788e+09
745 1.70256e+09
746 1.68767e+09
747 1.74277e+09
748 1.80039e+09
749 1.64285e+09
750 1.73542e+09
751 1.59788e+09
752 1.67444e+09
753 1.60496e+09
754 1.61769e+09
755 1.59355e+09
756 1.63627e+09
757 1.69067e+09
758 1.66558e+09
759 1.57441e+09
760 1.62938e+09
761 1.62292e+09
762 1.64971e+09
763 1.58608e+09
764 1.54859e+09
765 1.55233e+09
766 1.58179e+09
767 1.56501e+09
768 1.5963e+09
769 1.59502e+09
770 1.53515e+09
771 1.50287e+09
772 1.49101e+09
773 1.50224e+09
774 1.54413e+09
775 1.47114e+09
776 1.43884e+09
777 1.54923e+09
778 1.47122e+09
779 1.4585e+09
780 1.46914e+09
781 1.48296e+09
782 1.45524e+09
783 1.4489e+09
784 1.39999e+09
785 1.42581e+09
786 1.40852e+09
787 1.43503e+09
788 1.43159e+09
789 1.37837e+09
790 1.39634e+09
791 1.44155e+09
792 1.38973e+09
793 1.37971e+09
794 1.40917e+09
795 1.3718e+09
796 1.39086e+09
797 1.38973e+09
798 1.35863e+09
799 1.36089e+09
800 1.3968e+09
801 1.33525e+09
802 1.36212e+09
803 1.34909e+09
804 1.33683e+09
805 1.32196e+09
806 1.33282e+09
807 1.30103e+09
808 1.32114e+09
809 1.31863e+09
810 1.29465e+09
811 1.29512e+09
812 1.2902e+09
813 1.3055e+09
814 1.25644e+09
815 1.2342e+09
816 1.25156e+09
817 1.2956e+09
818 1.2595e+09
819 1.26141e+09
820 1.29837e+09
821 1.21499e+09
822 1.32097e+09
823 1.27249e+09
824 1.27367e+09
825 1.1953e+09
826 1.21482e+09
827 1.21348e+09
828 1.22423e+09
829 1.18926e+09
830 1.24555e+09
831 1.20849e+09
832 1.20217e+09
833 1.1857e+09
834 1.18579e+09
835 1.2262e+09
836 1.19727e+09
837 1.15139e+09
838 1.1873e+09
839 1.16216e+09
840 1.17579e+09
841 1.14706e+09
842 1.14927e+09
843 1.15444e+09
844 1.14644e+09
845 1.1417e+09
846 1.15606e+09
847 1.17118e+09
848 1.10689e+09
849 1.13288e+09
850 1.16631e+09
851 1.14532e+09
852 1.10875e+09
853 1.09149e+09
854 1.10263e+09
855 1.08167e+09
856 1.07305e+09
857 1.13456e+09
858 1.08344e+09
859 1.08389e+09
860 1.11461e+09
861 1.07628e+09
862 1.10069e+09
863 1.08416e+09
864 1.06283e+09
865 1.09505e+09
866 1.05637e+09
867 1.08365e+09
868 1.06452e+09
869 1.03474e+09
870 1.044e+09
871 1.05797e+09
872 1.04511e+09
873 1.06073e+09
874 1.05657e+09
875 1.03074e+09
876 1.05752e+09
877 1.01589e+09
878 1.02139e+09
879 1.00016e+09
880 1.03081e+09
881 1.03823e+09
882 1.004e+09
883 1.02401e+09
884 1.02689e+09
885 1.00581e+09
886 9.98326e+08
887 1.02116e+09
888 9.989e+08
889 1.0234e+09
890 9.90778e+08
891 1.01175e+09
892 1.01879e+09
893 9.85771e+08
894 9.53232e+08
895 9.7149e+08
896 9.66745e+08
897 9.6971e+08
898 9.65664e+08
899 9.90513e+08
900 9.5273e+08
901 9.51577e+08
902 9.81924e+08
903 9.67029e+08
904 9.7212e+08
905 9.17259e+08
906 9.35699e+08
907 9.78154e+08
908 9.299e+08
909 9.32918e+08
910 9.21434e+08
911 9.14376e+08
912 9.41581e+08
913 9.17014e+08
914 9.19815e+08
915 9.09831e+08
916 9.53067e+08
917 8.96618e+08
918 9.12619e+08
919 9.10735e+08
920 9.24475e+08
921 9.34958e+08
922 8.93702e+08
923 8.91131e+08
924 9.02676e+08
925 9.20938e+08
926 8.82646e+08
927 9.01512e+08
928 9.04103e+08
929 9.07873e+08
930 8.82344e+08
931 8.86769e+08
932 9.05315e+08
933 8.70646e+08
934 8.829e+08
935 8.87464e+08
936 8.96872e+08
937 8.81599e+08
938 8.36492e+08
939 8.61338e+08
940 8.57735e+08
941 8.43867e+08
942 8.72248e+08
943 8.71329e+08
944 8.43156e+08
945 8.74212e+08
946 8.53267e+08
947 8.54047e+08
948 8.58374e+08
949 8.46196e+08
950 8.31075e+08
951 8.59728e+08
952 8.43535e+08
953 8.16805e+08
954 8.2612e+08
955 8.42348e+08
956 8.15318e+08
957 8.17245e+08
958 8.45118e+08
959 8.54504e+08
960 8.13001e+08
961 8.0182e+08
962 8.17458e+08
963 8.34857e+08
964 8.27336e+08
965 8.29355e+08
966 8.48428e+08
967 8.20346e+08
968 8.0742e+08
969 8.15001e+08
970 7.96945e+08
971 8.17562e+08
972 7.97913e+08
973 8.10629e+08
974 8.08046e+08
975 8.07453e+08
976 8.0571e+08
977 7.78688e+08
978 7.99913e+08
979 8.01429e+08
980 7.93847e+08
981 8.05516e+08
982 7.86849e+08
983 8.1276e+08
984 7.67622e+08
985 8.13652e+08
986 7.83774e+08
987 8.06886e+08
988 8.03693e+08
989 7.54737e+08
990 7.77139e+08
991 7.76707e+08
992 7.91483e+08
993 7.63802e+08
994 7.56363e+08
995 7.81176e+08
996 7.76838e+08
997 8.03131e+08
998 7.63325e+08
999 7.44336e+08
1000 7.70711e+08
1001 7.78368e+08
1002 7.51514e+08
1003 7.6912e+08
1004 7.66583e+08
1005 7.73272e+08
1006 7.47201e+08
1007 7.56367e+08
1008 7.5402e+08
1009 7.32611e+08
1010 7.62268e+08
1011 7.83365e+08
1012 7.38778e+08
1013 7.57656e+08
1014 7.50227e+08
1015 7.59061e+08
1016 7.75309e+08
1017 7.33302e+08
1018 7.37948e+08
1019 7.29726e+08
1020 7.76618e+08
1021 7.15762e+08
1022 7.40525e+08
1023 7.39291e+08
1024 7.56038e+08
