# input_file=p1_3_2.tif
# Nx=2048
# Ny=2048
0 2.85883e+17
1 2.02344e+13
2 5.69831e+12
3 6.74068e+12
4 8.85152e+12
5 7.00331e+12
6 4.87468e+12
7 5.96801e+12
8 5.01102e+12
9 4.46934e+12
10 2.64773e+12
11 4.64636e+12
12 2.32006e+12
13 2.65463e+12
14 1.76935e+12
15 2.23865e+12
16 1.90752e+12
17 1.23765e+12
18 1.13408e+12
19 1.3755e+12
20 7.82059e+11
21 9.33298e+11
22 9.71326e+11
23 8.71152e+11
24 7.04806e+11
25 6.78311e+11
26 5.56047e+11
27 7.4467e+11
28 6.62443e+11
29 5.77835e+11
30 6.17925e+11
31 5.76154e+11
32 5.41458e+11
33 4.51722e+11
34 5.03437e+11
35 4.79625e+11
36 3.67965e+11
37 4.12964e+11
38 3.84371e+11
39 4.18115e+11
40 3.72879e+11
41 3.72405e+11
42 3.82715e+11
43 3.41487e+11
44 3.54425e+11
45 2.91169e+11
46 3.25533e+11
47 2.9207e+11
48 2.98035e+11
49 2.5775e+11
50 2.82516e+11
51 2.88642e+11
52 2.79183e+11
53 2.64349e+11
54 2.14893e+11
55 2.46991e+11
56 2.65823e+11
57 2.15759e+11
58 2.18038e+11
59 2.24709e+11
60 2.11478e+11
61 2.20195e+11
62 2.27981e+11
63 2.12458e+11
64 1.82863e+11
65 2.03798e+11
66 1.74339e+11
67 1.82762e+11
68 1.90338e+11
69 1.83787e+11
70 1.94218e+11
71 1.59807e+11
72 1.60943e+11
73 1.6251e+11
74 1.55767e+11
75 1.6768e+11
76 1.51263e+11
77 1.48651e+11
78 1.29248e+11
79 1.33273e+11
80 1.36772e+11
81 1.40709e+11
82 1.30762e+11
83 1.41109e+11
84 1.32187e+11
85 1.25075e+11
86 1.35607e+11
87 1.25433e+11
88 1.24295e+11
89 1.19689e+11
90 1.26488e+11
91 1.12142e+11
92 1.26458e+11
93 1.12525e+11
94 1.12756e+11
95 1.05143e+11
96 1.07484e+11
97 1.13566e+11
98 1.02661e+11
99 1.03139e+11
100 9.79857e+10
101 9.59284e+10
102 8.92962e+10
103 9.89171e+10
104 8.64962e+10
105 9.60173e+10
106 8.14968e+10
107 9.47587e+10
108 9.1144e+10
109 8.05332e+10
110 8.54366e+10
111 8.22662e+10
112 7.60833e+10
113 8.09557e+10
114 7.82326e+10
115 7.65244e+10
116 7.6541e+10
117 7.65384e+10
118 7.85488e+10
119 7.92044e+10
120 7.77866e+10
121 7.81289e+10
122 7.60065e+10
123 6.95713e+10
124 7.14265e+10
125 7.21031e+10
126 6.93137e+10
127 6.89187e+10
128 7.1712e+10
129 7.19901e+10
130 6.89611e+10
131 6.40843e+10
132 6.79937e+10
133 6.35755e+10
134 5.88083e+10
135 6.21668e+10
136 5.85793e+10
137 6.1496e+10
138 6.23462e+10
139 5.20624e+10
140 6.02302e+10
141 5.93206e+10
142 5.52093e+10
143 5.80987e+10
144 5.25339e+10
145 5.51714e+10
146 5.40061e+10
147 5.09708e+10
148 5.46972e+10
149 4.85228e+10
150 4.82958e+10
151 4.71972e+10
152 4.68624e+10
153 4.69587e+10
154 4.74439e+10
155 4.70782e+10
156 4.87044e+10
157 4.85678e+10
158 4.68806e+10
159 4.58704e+10
160 4.78701e+10
161 4.38321e+10
162 4.40101e+10
163 4.25702e+10
164 4.78373e+10
165 4.11517e+10
166 4.19095e+10
167 4.27467e+10
168 4.32918e+10
169 4.35945e+10
170 4.16256e+10
171 3.98351e+10
172 3.83351e+10
173 3.85267e+10
174 3.98366e+10
175 4.11759e+10
176 3.59686e+10
177 4.04891e+10
178 3.70961e+10
179 3.88291e+10
180 3.7319e+10
181 3.43776e+10
182 3.67164e+10
183 3.68128e+10
184 3.53405e+10
185 3.66577e+10
186 3.51066e+10
187 3.4641e+10
188 3.30489e+10
189 3.29105e+10
190 3.30064e+10
191 3.49583e+10
192 3.40366e+10
193 3.62999e+10
194 3.47116e+10
195 3.28812e+10
196 3.36372e+10
197 3.27553e+10
198 3.39588e+10
199 3.17253e+10
200 3.28113e+10
201 3.17925e+10
202 3.164e+10
203 3.14029e+10
204 3.0412e+10
205 2.94283e+10
206 2.94865e+10
207 3.08253e+10
208 2.90366e+10
209 3.02078e+10
210 2.73668e+10
211 2.73684e+10
212 2.79109e+10
213 2.77018e+10
214 2.90651e+10
215 2.97131e+10
216 2.75257e+10
217 2.7675e+10
218 2.71198e+10
219 2.87941e+10
220 2.59754e+10
221 2.80568e+10
222 2.65983e+10
223 2.7689e+10
224 2.54705e+10
225 2.58349e+10
226 2.71762e+10
227 2.58684e+10
228 2.60662e+10
229 2.53781e+10
230 2.49494e+10
231 2.50785e+10
232 2.47654e+10
233 2.58802e+10
234 2.50123e+10
235 2.58236e+10
236 2.54784e+10
237 2.50733e+10
238 2.31729e+10
239 2.40372e+10
240 2.26942e+10
241 2.5621e+10
242 2.34512e+10
243 2.24842e+10
244 2.22881e+10
245 2.17726e+10
246 2.30214e+10
247 2.18982e+10
248 2.30103e+10
249 2.1922e+10
250 2.15574e+10
251 2.22157e+10
252 2.16301e+10
253 2.27431e+10
254 2.12501e+10
255 2.2283e+10
256 2.07684e+10
257 2.06983e+10
258 2.19068e+10
259 2.17035e+10
260 2.08388e+10
261 2.0151e+10
262 2.08208e+10
263 1.97047e+10
264 2.06168e+10
265 2.11249e+10
266 2.05355e+10
267 2.07058e+10
268 1.95317e+10
269 1.99533e+10
270 1.93915e+10
271 1.86542e+10
272 1.96746e+10
273 2.02433e+10
274 1.97405e+10
275 1.88271e+10
276 1.82745e+10
277 1.94232e+10
278 1.98239e+10
279 1.95719e+10
280 1.88143e+10
281 1.87099e+10
282 1.8264e+10
283 1.76068e+10
284 1.91569e+10
285 1.84748e+10
286 1.88408e+10
287 1.75174e+10
288 1.7413e+10
289 1.78019e+10
290 1.73157e+10
291 1.74319e+10
292 1.75654e+10
293 1.76601e+10
294 1.66093e+10
295 1.74928e+10
296 1.7008e+10
297 1.69667e+10
298 1.83572e+10
299 1.73177e+10
300 1.67076e+10
301 1.72618e+10
302 1.71684e+10
303 1.68354e+10
304 1.72041e+10
305 1.68641e+10
306 1.65675e+10
307 1.52534e+10
308 1.58736e+10
309 1.64175e+10
310 1.49714e+10
311 1.57105e+10
312 1.58532e+10
313 1.56997e+10
314 1.54801e+10
315 1.49027e+10
316 1.49451e+10
317 1.48229e+10
318 1.54697e+10
319 1.4967e+10
320 1.42183e+10
321 1.48024e+10
322 1.51041e+10
323 1.48714e+10
324 1.51606e+10
325 1.51028e+10
326 1.44604e+10
327 1.36969e+10
328 1.48229e+10
329 1.39536e+10
330 1.38104e+10
331 1.35514e+10
332 1.37441e+10
333 1.42258e+10
334 1.42573e+10
335 1.39745e+10
336 1.39745e+10
337 1.34853e+10
338 1.33575e+10
339 1.39322e+10
340 1.35632e+10
341 1.33236e+10
342 1.28856e+10
343 1.35401e+10
344 1.32351e+10
345 1.29611e+10
346 1.25774e+10
347 1.27921e+10
348 1.22307e+10
349 1.23143e+10
350 1.20905e+10
351 1.24236e+10
352 1.20948e+10
353 1.26152e+10
354 1.17625e+10
355 1.23016e+10
356 1.16669e+10
357 1.19148e+10
358 1.13151e+10
359 1.19205e+10
360 1.1617e+10
361 1.24279e+10
362 1.18066e+10
363 1.23648e+10
364 1.20547e+10
365 1.16391e+10
366 1.17257e+10
367 1.18412e+10
368 1.13548e+10
369 1.13511e+10
370 1.15516e+10
371 1.10877e+10
372 1.14581e+10
373 1.12989e+10
374 1.08228e+10
375 1.12604e+10
376 1.07332e+10
377 1.07472e+10
378 1.06465e+10
379 1.07682e+10
380 1.03667e+10
381 1.06442e+10
382 1.10102e+10
383 1.04009e+10
384 1.07049e+10
385 1.01587e+10
386 1.01002e+10
387 1.00939e+10
388 1.03123e+10
389 1.00189e+10
390 9.8395e+09
391 1.06747e+10
392 1.04848e+10
393 9.66608e+09
394 1.01659e+10
395 9.86494e+09
396 1.02037e+10
397 9.78125e+09
398 1.00266e+10
399 9.64026e+09
400 9.48567e+09
401 9.6113e+09
402 9.72335e+09
403 9.48322e+09
404 9.53721e+09
405 9.55961e+09
406 9.23249e+09
407 9.33472e+09
408 9.49392e+09
409 9.42619e+09
410 9.23317e+09
411 9.11295e+09
412 9.03375e+09
413 8.71477e+09
414 8.62471e+09
415 8.81366e+09
416 8.72735e+09
417 8.88215e+09
418 8.39792e+09
419 8.52235e+09
420 8.53331e+09
421 8.37895e+09
422 8.00457e+09
423 8.23337e+09
424 8.41077e+09
425 8.04904e+09
426 8.72547e+09
427 7.99316e+09
428 8.32599e+09
429 8.31068e+09
430 8.26653e+09
431 8.13038e+09
432 8.26362e+09
433 7.9492e+09
434 7.65538e+09
435 7.66947e+09
436 7.89356e+09
437 7.94402e+09
438 7.95923e+09
439 7.54424e+09
440 7.69562e+09
441 7.66682e+09
442 7.50263e+09
443 7.41986e+09
444 7.56612e+09
445 7.49916e+09
446 7.60592e+09
447 7.19931e+09
448 7.30733e+09
449 7.80552e+09
450 7.04977e+09
451 7.45815e+09
452 7.40464e+09
453 7.14441e+09
454 7.04452e+09
455 6.88274e+09
456 7.03414e+09
457 7.2059e+09
458 6.9877e+09
459 6.86014e+09
460 7.22276e+09
461 7.02752e+09
462 6.67245e+09
463 6.96862e+09
464 6.54933e+09
465 6.87331e+09
466 6.51049e+09
467 7.09403e+09
468 6.78444e+09
469 6.72288e+09
470 6.59585e+09
471 6.56164e+09
472 6.50701e+09
473 6.32622e+09
474 6.16299e+09
475 6.55982e+09
476 6.30418e+09
477 6.5512e+09
478 6.50238e+09
479 6.43729e+09
480 6.26177e+09
481 6.4433e+09
482 6.16674e+09
483 6.18437e+09
484 5.8838e+09
485 5.86272e+09
486 6.20132e+09
487 6.19248e+09
488 6.08247e+09
489 5.82398e+09
490 5.92083e+09
491 5.8064e+09
492 5.95746e+09
493 5.96298e+09
494 5.72807e+09
495 5.80282e+09
496 5.69676e+09
497 5.49344e+09
498 5.85733e+09
499 5.49009e+09
500 5.75744e+09
501 5.4702e+09
502 5.57941e+09
503 5.45225e+09
504 5.49954e+09
505 5.57278e+09
506 5.53764e+09
507 5.69938e+09
508 5.36484e+09
509 5.33528e+09
510 5.46397e+09
511 5.39907e+09
512 5.1054e+09
513 5.07954e+09
514 5.30474e+09
515 5.12569e+09
516 5.04239e+09
517 4.82573e+09
518 5.3049e+09
519 5.06487e+09
520 4.93416e+09
521 5.14785e+09
522 5.12695e+09
523 4.80436e+09
524 4.84783e+09
525 5.06289e+09
526 5.089e+09
527 4.80503e+09
528 4.92783e+09
529 4.83572e+09
530 5.00115e+09
531 4.90435e+09
532 5.05837e+09
533 4.70595e+09
534 4.66035e+09
535 4.69948e+09
536 4.5866e+09
537 4.75904e+09
538 4.76972e+09
539 4.60454e+09
540 4.56505e+09
541 4.38991e+09
542 4.28859e+09
543 4.60696e+09
544 4.48637e+09
545 4.75329e+09
546 4.44633e+09
547 4.61387e+09
548 4.38734e+09
549 4.39306e+09
550 4.0739e+09
551 4.2045e+09
552 4.26933e+09
553 4.30502e+09
554 4.34312e+09
555 4.25106e+09
556 4.1444e+09
557 4.16697e+09
558 4.17423e+09
559 4.20196e+09
560 4.04386e+09
561 4.14729e+09
562 4.20528e+09
563 4.06895e+09
564 4.07789e+09
565 4.02954e+09
566 4.13055e+09
567 3.97222e+09
568 4.00506e+09
569 3.89461e+09
570 3.87778e+09
571 3.83316e+09
572 3.86543e+09
573 3.98127e+09
574 3.81301e+09
575 3.8643e+09
576 3.73021e+09
577 3.76956e+09
578 3.84573e+09
579 3.78799e+09
580 3.7657e+09
581 3.61082e+09
582 3.67108e+09
583 3.56807e+09
584 3.62973e+09
585 3.69031e+09
586 3.64306e+09
587 3.51345e+09
588 3.44326e+09
589 3.74745e+09
590 3.57513e+09
591 3.32223e+09
592 3.53547e+09
593 3.57531e+09
594 3.50089e+09
595 3.30363e+09
596 3.38438e+09
597 3.37068e+09
598 3.4625e+09
599 3.52963e+09
600 3.27841e+09
601 3.27054e+09
602 3.18504e+09
603 3.37766e+09
604 3.36441e+09
605 3.26672e+09
606 3.28584e+09
607 3.19184e+09
608 3.19713e+09
609 3.17097e+09
610 3.15815e+09
611 3.12395e+09
612 3.15717e+09
613 3.17622e+09
614 3.22065e+09
615 3.12103e+09
616 3.21316e+09
617 3.14536e+09
618 2.92712e+09
619 3.08928e+09
620 3.10021e+09
621 3.16008e+09
622 3.14277e+09
623 2.94719e+09
624 3.15903e+09
625 2.97236e+09
626 3.03429e+09
627 3.02933e+09
628 2.99414e+09
629 2.88223e+09
630 2.92117e+09
631 2.76989e+09
632 2.91001e+09
633 2.91861e+09
634 2.78963e+09
635 2.85187e+09
636 2.78958e+09
637 2.88464e+09
638 2.71706e+09
639 2.84936e+09
640 2.78289e+09
641 2.71294e+09
642 2.66579e+09
643 2.70474e+09
644 2.67738e+09
645 2.75951e+09
646 2.66595e+09
647 2.69322e+09
648 2.6627e+09
649 2.64336e+09
650 2.71e+09
651 2.62497e+09
652 2.68416e+09
653 2.64392e+09
654 2.60628e+09
655 2.51771e+09
656 2.58492e+09
657 2.54473e+09
658 2.51157e+09
659 2.59089e+09
660 2.47658e+09
661 2.45563e+09
662 2.44946e+09
663 2.42463e+09
664 2.42133e+09
665 2.37667e+09
666 2.39274e+09
667 2.4651e+09
668 2.34067e+09
669 2.33148e+09
670 2.40899e+09
671 2.35163e+09
672 2.42195e+09
673 2.37323e+09
674 2.38937e+09
675 2.33226e+09
676 2.36639e+09
677 2.40386e+09
678 2.30636e+09
679 2.30084e+09
680 2.34538e+09
681 2.27729e+09
682 2.15637e+09
683 2.24512e+09
684 2.32534e+09
685 2.197e+09
686 2.23863e+09
687 2.22569e+09
688 2.17999e+09
689 2.14003e+09
690 2.08681e+09
691 2.09959e+09
692 2.13025e+09
693 2.10288e+09
694 2.09363e+09
695 2.08902e+09
696 2.05509e+09
697 2.17499e+09
698 2.07303e+09
699 2.07851e+09
700 1.99314e+09
701 2.04064e+09
702 2.04507e+09
703 2.08063e+09
704 2.07659e+09
705 2.01736e+09
706 2.02715e+09
707 1.9947e+09
708 1.97194e+09
709 1.96699e+09
710 1.93768e+09
711 1.96914e+09
712 1.93134e+09
713 1.9432e+09
714 2.0339e+09
715 1.86789e+09
716 1.97415e+09
717 1.9332e+09
718 1.96421e+09
719 1.89209e+09
720 1.81743e+09
721 1.86769e+09
722 1.86085e+09
723 1.88843e+09
724 1.84117e+09
725 1.9041e+09
726 1.88014e+09
727 1.84626e+09
728 1.8607e+09
729 1.85085e+09
730 1.86272e+09
731 1.848e+09
732 1.79242e+09
733 1.80553e+09
734 1.82012e+09
735 1.75007e+09
736 1.76596e+09
737 1.72393e+09
738 1.73089e+09
739 1.76912e+09
740 1.77052e+09
741 1.69299e+09
742 1.67657e+09
743 1.71116e+09
744 1.77295e+09
745 1.74556e+09
746 1.63783e+09
747 1.66997e+09
748 1.65206e+09
749 1.64986e+09
750 1.66542e+09
751 1.71598e+09
752 1.66418e+09
753 1.66357e+09
754 1.6251e+09
755 1.66827e+09
756 1.61808e+09
757 1.59912e+09
758 1.63154e+09
759 1.56529e+09
760 1.5565e+09
761 1.59294e+09
762 1.6084e+09
763 1.5768e+09
764 1.56457e+09
765 1.59425e+09
766 1.49566e+09
767 1.52435e+09
768 1.50806e+09
769 1.49606e+09
770 1.49921e+09
771 1.52419e+09
772 1.51217e+09
773 1.46171e+09
774 1.51535e+09
775 1.5132e+09
776 1.47891e+09
777 1.48331e+09
778 1.43197e+09
779 1.4484e+09
780 1.47321e+09
781 1.42996e+09
782 1.44386e+09
783 1.44575e+09
784 1.43014e+09
785 1.47297e+09
786 1.41257e+09
787 1.43088e+09
788 1.42484e+09
789 1.37397e+09
790 1.38583e+09
791 1.34969e+09
792 1.38375e+09
793 1.39522e+09
794 1.3745e+09
795 1.3778e+09
796 1.3787e+09
797 1.30859e+09
798 1.35174e+09
799 1.36687e+09
800 1.3281e+09
801 1.36996e+09
802 1.34848e+09
803 1.36111e+09
804 1.30303e+09
805 1.32475e+09
806 1.30317e+09
807 1.2593e+09
808 1.27423e+09
809 1.2796e+09
810 1.31406e+09
811 1.27231e+09
812 1.27084e+09
813 1.28876e+09
814 1.28308e+09
815 1.25684e+09
816 1.25807e+09
817 1.2566e+09
818 1.24814e+09
819 1.27194e+09
820 1.24143e+09
821 1.24333e+09
822 1.29894e+09
823 1.27466e+09
824 1.17864e+09
825 1.25926e+09
826 1.21353e+09
827 1.19606e+09
828 1.23278e+09
829 1.21124e+09
830 1.19221e+09
831 1.19518e+09
832 1.19839e+09
833 1.16955e+09
834 1.16277e+09
835 1.17105e+09
836 1.15497e+09
837 1.19933e+09
838 1.11911e+09
839 1.16572e+09
840 1.17008e+09
841 1.14267e+09
842 1.15699e+09
843 1.11706e+09
844 1.10026e+09
845 1.15695e+09
846 1.11273e+09
847 1.16342e+09
848 1.16254e+09
849 1.13417e+09
850 1.14162e+09
851 1.04406e+09
852 1.09342e+09
853 1.11715e+09
854 1.04824e+09
855 1.07266e+09
856 1.04895e+09
857 1.09274e+09
858 1.07725e+09
859 1.11416e+09
860 1.10496e+09
861 1.07571e+09
862 1.07554e+09
863 1.07706e+09
864 1.05214e+09
865 1.07476e+09
866 1.09841e+09
867 1.02926e+09
868 1.05569e+09
869 1.03682e+09
870 1.06687e+09
871 1.02486e+09
872 1.02737e+09
873 1.02368e+09
874 9.93177e+08
875 1.01076e+09
876 1.03227e+09
877 1.00773e+09
878 1.02299e+09
879 1.02638e+09
880 9.86753e+08
881 9.79247e+08
882 1.01119e+09
883 1.01536e+09
884 9.79433e+08
885 9.85937e+08
886 9.8941e+08
887 9.70322e+08
888 9.68223e+08
889 1.01797e+09
890 9.56158e+08
891 9.69785e+08
892 9.73573e+08
893 9.52733e+08
894 9.65387e+08
895 9.94496e+08
896 9.94383e+08
897 9.62971e+08
898 9.59321e+08
899 9.37491e+08
900 9.33598e+08
901 9.43643e+08
902 9.60837e+08
903 9.31068e+08
904 9.3401e+08
905 9.2374e+08
906 9.41383e+08
907 9.48081e+08
908 9.29435e+08
909 9.11342e+08
910 9.44763e+08
911 8.99322e+08
912 9.22631e+08
913 8.90572e+08
914 8.89569e+08
915 9.13846e+08
916 9.26924e+08
917 9.10484e+08
918 8.95621e+08
919 8.89056e+08
920 8.69425e+08
921 8.69586e+08
922 9.25251e+08
923 8.60071e+08
924 9.1752e+08
925 8.55752e+08
926 8.83672e+08
927 8.70707e+08
928 8.68055e+08
929 8.65483e+08
930 8.90265e+08
931 8.84025e+08
932 8.94234e+08
933 8.64733e+08
934 8.38708e+08
935 8.72907e+08
936 8.52333e+08
937 8.61666e+08
938 8.55508e+08
939 8.62135e+08
940 8.35392e+08
941 8.51071e+08
942 8.44727e+08
943 8.62557e+08
944 8.24391e+08
945 8.23933e+08
946 8.36857e+08
947 8.58546e+08
948 8.30853e+08
949 8.29375e+08
950 8.4973e+08
951 8.1437e+08
952 8.39703e+08
953 8.10734e+08
954 8.03748e+08
955 7.91596e+08
956 8.45233e+08
957 8.27955e+08
958 7.90819e+08
959 8.23044e+08
960 8.25955e+08
961 8.00722e+08
962 8.09319e+08
963 8.3171e+08
964 7.89764e+08
965 7.94891e+08
966 8.15123e+08
967 8.14822e+08
968 8.06148e+08
969 8.36776e+08
970 8.11459e+08
971 7.87387e+08
972 7.88804e+08
973 8.0855e+08
974 7.75686e+08
975 7.82669e+08
976 7.80209e+08
977 7.96165e+08
978 7.80871e+08
979 7.89865e+08
980 7.81368e+08
981 7.91059e+08
982 7.5262e+08
983 7.92079e+08
984 7.70517e+08
985 7.76113e+08
986 7.73106e+08
987 7.77111e+08
988 7.71616e+08
989 7.60276e+08
990 7.60665e+08
991 7.28638e+08
992 7.51046e+08
993 7.48461e+08
994 7.90595e+08
995 7.50789e+08
996 7.65046e+08
997 7.71702e+08
998 7.61904e+08
999 7.63494e+08
1000 7.72473e+08
1001 7.58051e+08
1002 7.78694e+08
1003 7.45541e+08
1004 7.5612e+08
1005 7.32319e+08
1006 7.59554e+08
1007 7.52933e+08
1008 7.32216e+08
1009 7.22216e+08
1010 7.3564e+08
1011 7.27893e+08
1012 7.28875e+08
1013 7.63228e+08
1014 7.46307e+08
1015 7.35849e+08
1016 7.36069e+08
1017 7.39756e+08
1018 7.21546e+08
1019 7.15668e+08
1020 7.53491e+08
1021 7.49609e+08
1022 7.3586e+08
1023 7.39144e+08
1024 7.31178e+08
