# input_file=p1_3_3.tif
# Nx=2048
# Ny=2048
0 2.86189e+17
1 2.26782e+13
2 1.11138e+13
3 1.00038e+13
4 7.55115e+12
5 8.87843e+12
6 5.59489e+12
7 6.89779e+12
8 3.56726e+12
9 3.25197e+12
10 3.10738e+12
11 2.33469e+12
12 2.69954e+12
13 1.4111e+12
14 2.33469e+12
15 1.60112e+12
16 1.83702e+12
17 1.38788e+12
18 1.03088e+12
19 1.24138e+12
20 9.93709e+11
21 8.7987e+11
22 1.3185e+12
23 9.29076e+11
24 7.7945e+11
25 6.20531e+11
26 6.93004e+11
27 6.4579e+11
28 5.86356e+11
29 6.46837e+11
30 6.58997e+11
31 5.89439e+11
32 5.63826e+11
33 4.32063e+11
34 4.8263e+11
35 4.96175e+11
36 4.82754e+11
37 3.98884e+11
38 3.82477e+11
39 3.8676e+11
40 3.94236e+11
41 3.81745e+11
42 3.32471e+11
43 2.92421e+11
44 3.25122e+11
45 3.43449e+11
46 3.06202e+11
47 2.81279e+11
48 2.78751e+11
49 2.84555e+11
50 2.73951e+11
51 2.65053e+11
52 2.98409e+11
53 2.56248e+11
54 2.6992e+11
55 2.41776e+11
56 2.3463e+11
57 2.28256e+11
58 2.06494e+11
59 2.09099e+11
60 2.19359e+11
61 1.95738e+11
62 2.16309e+11
63 1.93274e+11
64 1.72626e+11
65 2.03949e+11
66 1.8789e+11
67 1.91183e+11
68 1.66632e+11
69 1.69678e+11
70 1.67299e+11
71 1.69322e+11
72 1.40354e+11
73 1.43836e+11
74 1.36526e+11
75 1.56663e+11
76 1.41133e+11
77 1.48197e+11
78 1.32372e+11
79 1.25594e+11
80 1.5474e+11
81 1.24061e+11
82 1.39417e+11
83 1.25344e+11
84 1.34737e+11
85 1.2951e+11
86 1.24982e+11
87 1.14134e+11
88 1.0737e+11
89 1.31138e+11
90 1.29106e+11
91 1.23449e+11
92 1.13747e+11
93 1.18541e+11
94 1.07808e+11
95 9.74698e+10
96 1.02897e+11
97 1.09256e+11
98 1.08899e+11
99 8.78231e+10
100 9.41452e+10
101 8.57881e+10
102 9.34131e+10
103 8.9983e+10
104 9.08027e+10
105 8.45081e+10
106 9.20022e+10
107 8.52039e+10
108 8.97829e+10
109 8.86988e+10
110 7.96365e+10
111 7.66854e+10
112 8.5112e+10
113 8.50061e+10
114 8.0358e+10
115 7.37162e+10
116 7.47944e+10
117 7.01253e+10
118 6.97096e+10
119 7.48294e+10
120 7.41216e+10
121 6.70854e+10
122 7.21767e+10
123 6.32607e+10
124 6.40274e+10
125 6.82577e+10
126 5.76289e+10
127 6.52991e+10
128 6.09063e+10
129 6.24419e+10
130 5.6662e+10
131 5.81407e+10
132 6.2949e+10
133 5.8277e+10
134 6.20898e+10
135 5.94733e+10
136 5.82117e+10
137 5.57404e+10
138 5.86394e+10
139 5.09509e+10
140 5.53446e+10
141 5.44221e+10
142 5.56018e+10
143 5.49447e+10
144 5.62315e+10
145 5.33362e+10
146 5.01141e+10
147 4.82887e+10
148 4.84464e+10
149 4.87106e+10
150 4.93937e+10
151 4.68809e+10
152 4.99611e+10
153 5.10868e+10
154 4.56268e+10
155 4.66175e+10
156 4.45667e+10
157 4.34151e+10
158 4.24495e+10
159 4.20212e+10
160 4.1468e+10
161 4.4429e+10
162 4.10025e+10
163 3.7656e+10
164 4.51886e+10
165 4.01165e+10
166 3.90396e+10
167 3.85975e+10
168 3.78127e+10
169 4.03385e+10
170 3.8013e+10
171 3.8089e+10
172 3.93157e+10
173 3.83816e+10
174 3.60996e+10
175 3.57746e+10
176 3.85938e+10
177 3.92353e+10
178 3.52999e+10
179 3.59155e+10
180 3.35902e+10
181 3.60033e+10
182 3.53242e+10
183 3.36701e+10
184 3.29165e+10
185 3.27232e+10
186 3.29618e+10
187 3.21739e+10
188 3.27585e+10
189 3.19113e+10
190 3.27198e+10
191 3.15599e+10
192 3.27383e+10
193 3.14941e+10
194 3.18951e+10
195 3.14438e+10
196 3.233e+10
197 2.98314e+10
198 2.80485e+10
199 3.15255e+10
200 2.83371e+10
201 3.03144e+10
202 2.7562e+10
203 2.91445e+10
204 2.85536e+10
205 2.65834e+10
206 2.90535e+10
207 2.90806e+10
208 2.87235e+10
209 2.83294e+10
210 2.70475e+10
211 2.81205e+10
212 3.0937e+10
213 2.52985e+10
214 2.75333e+10
215 2.80222e+10
216 2.86898e+10
217 2.59982e+10
218 2.67849e+10
219 2.45341e+10
220 2.50843e+10
221 2.55529e+10
222 2.54061e+10
223 2.59952e+10
224 2.57493e+10
225 2.64397e+10
226 2.46799e+10
227 2.50429e+10
228 2.42612e+10
229 2.54881e+10
230 2.42611e+10
231 2.25067e+10
232 2.36814e+10
233 2.44494e+10
234 2.36028e+10
235 2.36085e+10
236 2.28304e+10
237 2.16257e+10
238 2.23953e+10
239 2.38257e+10
240 2.31622e+10
241 2.47921e+10
242 2.31365e+10
243 2.2928e+10
244 2.099e+10
245 2.21198e+10
246 2.32766e+10
247 2.24942e+10
248 2.07491e+10
249 2.25361e+10
250 2.2554e+10
251 2.21549e+10
252 2.25066e+10
253 2.11137e+10
254 2.25928e+10
255 1.95083e+10
256 2.18327e+10
257 2.06824e+10
258 2.08505e+10
259 2.00519e+10
260 2.15597e+10
261 2.05182e+10
262 1.93373e+10
263 1.94321e+10
264 2.02278e+10
265 1.97614e+10
266 1.97687e+10
267 1.90523e+10
268 1.95002e+10
269 1.98397e+10
270 1.87703e+10
271 1.94947e+10
272 1.98374e+10
273 1.88932e+10
274 1.8735e+10
275 1.95647e+10
276 1.72623e+10
277 2.0094e+10
278 1.78165e+10
279 1.70079e+10
280 1.87216e+10
281 1.69812e+10
282 1.91253e+10
283 1.8169e+10
284 1.78712e+10
285 1.78203e+10
286 1.72738e+10
287 1.83862e+10
288 1.69807e+10
289 1.67348e+10
290 1.68099e+10
291 1.73545e+10
292 1.70278e+10
293 1.69722e+10
294 1.68888e+10
295 1.73344e+10
296 1.62731e+10
297 1.6339e+10
298 1.44167e+10
299 1.58524e+10
300 1.68121e+10
301 1.58082e+10
302 1.54537e+10
303 1.57115e+10
304 1.53663e+10
305 1.52386e+10
306 1.52938e+10
307 1.5503e+10
308 1.5234e+10
309 1.4795e+10
310 1.48841e+10
311 1.51017e+10
312 1.47462e+10
313 1.5274e+10
314 1.42772e+10
315 1.50923e+10
316 1.41974e+10
317 1.54952e+10
318 1.49353e+10
319 1.42315e+10
320 1.40276e+10
321 1.43012e+10
322 1.44153e+10
323 1.52423e+10
324 1.33714e+10
325 1.41938e+10
326 1.49394e+10
327 1.31221e+10
328 1.35395e+10
329 1.33911e+10
330 1.40055e+10
331 1.33893e+10
332 1.37951e+10
333 1.34761e+10
334 1.40295e+10
335 1.32275e+10
336 1.37635e+10
337 1.33762e+10
338 1.36061e+10
339 1.3006e+10
340 1.31633e+10
341 1.26389e+10
342 1.26962e+10
343 1.25574e+10
344 1.31006e+10
345 1.31827e+10
346 1.32186e+10
347 1.30292e+10
348 1.21421e+10
349 1.24343e+10
350 1.23244e+10
351 1.22181e+10
352 1.26917e+10
353 1.27017e+10
354 1.20684e+10
355 1.21314e+10
356 1.25107e+10
357 1.21194e+10
358 1.14961e+10
359 1.16631e+10
360 1.16658e+10
361 1.17782e+10
362 1.17846e+10
363 1.13509e+10
364 1.08634e+10
365 1.14969e+10
366 1.21806e+10
367 1.13837e+10
368 1.1275e+10
369 1.13322e+10
370 1.09824e+10
371 1.10344e+10
372 1.09097e+10
373 1.07904e+10
374 1.10835e+10
375 1.05695e+10
376 1.05159e+10
377 1.07793e+10
378 1.04029e+10
379 1.06279e+10
380 1.01379e+10
381 1.01347e+10
382 1.0734e+10
383 1.03464e+10
384 1.00895e+10
385 1.0068e+10
386 9.77783e+09
387 1.01914e+10
388 1.04635e+10
389 1.01657e+10
390 1.01465e+10
391 9.38696e+09
392 9.95963e+09
393 9.90969e+09
394 9.4884e+09
395 9.41195e+09
396 9.5475e+09
397 9.57976e+09
398 9.56715e+09
399 9.85888e+09
400 9.64065e+09
401 9.41019e+09
402 9.55378e+09
403 8.92491e+09
404 8.73772e+09
405 8.6657e+09
406 8.86452e+09
407 8.94698e+09
408 9.2087e+09
409 9.06797e+09
410 8.46562e+09
411 8.67079e+09
412 8.89121e+09
413 8.77485e+09
414 8.64811e+09
415 8.70941e+09
416 8.7806e+09
417 8.51394e+09
418 8.34324e+09
419 8.54054e+09
420 8.33906e+09
421 8.09009e+09
422 8.21435e+09
423 8.28404e+09
424 8.22397e+09
425 8.64572e+09
426 8.36638e+09
427 8.13995e+09
428 8.10387e+09
429 8.30716e+09
430 8.28436e+09
431 8.10061e+09
432 8.25741e+09
433 7.81341e+09
434 7.58291e+09
435 7.4538e+09
436 8.11757e+09
437 7.8912e+09
438 7.50451e+09
439 7.80429e+09
440 7.53605e+09
441 7.46093e+09
442 7.65652e+09
443 7.0575e+09
444 7.71674e+09
445 7.33878e+09
446 7.32326e+09
447 6.68874e+09
448 6.94353e+09
449 7.51627e+09
450 7.30734e+09
451 7.15338e+09
452 7.06739e+09
453 7.12437e+09
454 6.95446e+09
455 7.08724e+09
456 6.95048e+09
457 6.87411e+09
458 6.38713e+09
459 6.59488e+09
460 7.15765e+09
461 6.95561e+09
462 6.80174e+09
463 6.77617e+09
464 6.61842e+09
465 6.64221e+09
466 6.79549e+09
467 6.52937e+09
468 6.37124e+09
469 6.58582e+09
470 6.14698e+09
471 6.6553e+09
472 6.53271e+09
473 6.29389e+09
474 6.42739e+09
475 6.19089e+09
476 6.31809e+09
477 6.18668e+09
478 6.26753e+09
479 6.36655e+09
480 6.1954e+09
481 6.17275e+09
482 5.99871e+09
483 6.12635e+09
484 5.94607e+09
485 6.0623e+09
486 5.94988e+09
487 5.98767e+09
488 5.70655e+09
489 5.7868e+09
490 5.89306e+09
491 5.66526e+09
492 5.71762e+09
493 5.84491e+09
494 5.5064e+09
495 5.7645e+09
496 5.58388e+09
497 5.77305e+09
498 5.6469e+09
499 5.81959e+09
500 5.80484e+09
501 5.60194e+09
502 5.56647e+09
503 5.67703e+09
504 5.66188e+09
505 5.51807e+09
506 5.41894e+09
507 5.49863e+09
508 5.34454e+09
509 5.39859e+09
510 5.073e+09
511 5.2266e+09
512 5.15612e+09
513 5.20681e+09
514 4.96937e+09
515 5.10926e+09
516 5.25188e+09
517 5.04674e+09
518 5.14003e+09
519 5.08748e+09
520 5.03659e+09
521 5.04082e+09
522 5.09653e+09
523 4.74108e+09
524 5.04e+09
525 4.93881e+09
526 4.87868e+09
527 4.98743e+09
528 4.92503e+09
529 5.03808e+09
530 4.8078e+09
531 4.78499e+09
532 4.74034e+09
533 4.53535e+09
534 4.71717e+09
535 4.76733e+09
536 4.76274e+09
537 4.44047e+09
538 4.46216e+09
539 4.54382e+09
540 4.56745e+09
541 4.43347e+09
542 4.2259e+09
543 4.39005e+09
544 4.50036e+09
545 4.46463e+09
546 4.11507e+09
547 4.33587e+09
548 4.47986e+09
549 4.25979e+09
550 4.15538e+09
551 4.28217e+09
552 4.31922e+09
553 4.34052e+09
554 4.19994e+09
555 4.19648e+09
556 4.15478e+09
557 4.31366e+09
558 4.20221e+09
559 4.06468e+09
560 4.11984e+09
561 4.19632e+09
562 4.17719e+09
563 4.16575e+09
564 4.06545e+09
565 3.88106e+09
566 4.00085e+09
567 3.90202e+09
568 4.04933e+09
569 3.8438e+09
570 3.88035e+09
571 3.75799e+09
572 3.83998e+09
573 3.88024e+09
574 3.96656e+09
575 3.86763e+09
576 3.74834e+09
577 3.93452e+09
578 3.70249e+09
579 3.76771e+09
580 3.62944e+09
581 3.79336e+09
582 3.69637e+09
583 3.87011e+09
584 3.60731e+09
585 3.78592e+09
586 3.63351e+09
587 3.48502e+09
588 3.5036e+09
589 3.67079e+09
590 3.52924e+09
591 3.46164e+09
592 3.2782e+09
593 3.52391e+09
594 3.52925e+09
595 3.38807e+09
596 3.43923e+09
597 3.44729e+09
598 3.41146e+09
599 3.38512e+09
600 3.35098e+09
601 3.3717e+09
602 3.2949e+09
603 3.39209e+09
604 3.29774e+09
605 3.2422e+09
606 3.26335e+09
607 3.33429e+09
608 3.15993e+09
609 2.97806e+09
610 3.19737e+09
611 3.14376e+09
612 3.17528e+09
613 3.08243e+09
614 3.19217e+09
615 3.17811e+09
616 2.93488e+09
617 3.11486e+09
618 3.03522e+09
619 3.11313e+09
620 3.19411e+09
621 3.01947e+09
622 2.99592e+09
623 3.07613e+09
624 3.03378e+09
625 3.06359e+09
626 2.80468e+09
627 2.91978e+09
628 2.81543e+09
629 2.94145e+09
630 2.94835e+09
631 2.92242e+09
632 2.90289e+09
633 2.88663e+09
634 2.80961e+09
635 2.82724e+09
636 2.86252e+09
637 2.7461e+09
638 2.71694e+09
639 2.73086e+09
640 2.70614e+09
641 2.66044e+09
642 2.76806e+09
643 2.77192e+09
644 2.72443e+09
645 2.70878e+09
646 2.70221e+09
647 2.61412e+09
648 2.66084e+09
649 2.59074e+09
650 2.62152e+09
651 2.60869e+09
652 2.61383e+09
653 2.62734e+09
654 2.61341e+09
655 2.52977e+09
656 2.56235e+09
657 2.51545e+09
658 2.39142e+09
659 2.52177e+09
660 2.43236e+09
661 2.41635e+09
662 2.51769e+09
663 2.48124e+09
664 2.47533e+09
665 2.45759e+09
666 2.34221e+09
667 2.3609e+09
668 2.41819e+09
669 2.34937e+09
670 2.40027e+09
671 2.31194e+09
672 2.38842e+09
673 2.20574e+09
674 2.36913e+09
675 2.39394e+09
676 2.35094e+09
677 2.32897e+09
678 2.28765e+09
679 2.27739e+09
680 2.34767e+09
681 2.17148e+09
682 2.26332e+09
683 2.2585e+09
684 2.13931e+09
685 2.16933e+09
686 2.19815e+09
687 2.3014e+09
688 2.10809e+09
689 2.16591e+09
690 2.24234e+09
691 2.1091e+09
692 2.1705e+09
693 2.14999e+09
694 2.05173e+09
695 2.17143e+09
696 2.10916e+09
697 2.09434e+09
698 2.08995e+09
699 2.20433e+09
700 2.09234e+09
701 1.93985e+09
702 1.98777e+09
703 2.04467e+09
704 2.03473e+09
705 2.01109e+09
706 2.00926e+09
707 1.86125e+09
708 2.08592e+09
709 1.96627e+09
710 1.96649e+09
711 1.96642e+09
712 1.94187e+09
713 1.97676e+09
714 1.91564e+09
715 1.93566e+09
716 1.94583e+09
717 1.91726e+09
718 1.83348e+09
719 1.9421e+09
720 1.92565e+09
721 1.9083e+09
722 1.91153e+09
723 1.82101e+09
724 1.87532e+09
725 1.86501e+09
726 1.84266e+09
727 1.83102e+09
728 1.87579e+09
729 1.80099e+09
730 1.79666e+09
731 1.81842e+09
732 1.81553e+09
733 1.79281e+09
734 1.72193e+09
735 1.8033e+09
736 1.79378e+09
737 1.76849e+09
738 1.77613e+09
739 1.64984e+09
740 1.73474e+09
741 1.70035e+09
742 1.76277e+09
743 1.74702e+09
744 1.72745e+09
745 1.72054e+09
746 1.71272e+09
747 1.6958e+09
748 1.69858e+09
749 1.63048e+09
750 1.67706e+09
751 1.59559e+09
752 1.57137e+09
753 1.63388e+09
754 1.69027e+09
755 1.56399e+09
756 1.61122e+09
757 1.61811e+09
758 1.62919e+09
759 1.58445e+09
760 1.59483e+09
761 1.56836e+09
762 1.59634e+09
763 1.51214e+09
764 1.56732e+09
765 1.54951e+09
766 1.48952e+09
767 1.5636e+09
768 1.5486e+09
769 1.51482e+09
770 1.54399e+09
771 1.50352e+09
772 1.5344e+09
773 1.48653e+09
774 1.50163e+09
775 1.48577e+09
776 1.44031e+09
777 1.48534e+09
778 1.49011e+09
779 1.50703e+09
780 1.42181e+09
781 1.46645e+09
782 1.43183e+09
783 1.46702e+09
784 1.49062e+09
785 1.44397e+09
786 1.46313e+09
787 1.36826e+09
788 1.40938e+09
789 1.35855e+09
790 1.34678e+09
791 1.3945e+09
792 1.38633e+09
793 1.42581e+09
794 1.33304e+09
795 1.29771e+09
796 1.38137e+09
797 1.36587e+09
798 1.35971e+09
799 1.33332e+09
800 1.31081e+09
801 1.32198e+09
802 1.38477e+09
803 1.36315e+09
804 1.30584e+09
805 1.30328e+09
806 1.30105e+09
807 1.31122e+09
808 1.30211e+09
809 1.28169e+09
810 1.28302e+09
811 1.30345e+09
812 1.29261e+09
813 1.24276e+09
814 1.25389e+09
815 1.24996e+09
816 1.26502e+09
817 1.24618e+09
818 1.23542e+09
819 1.21385e+09
820 1.25779e+09
821 1.25039e+09
822 1.20938e+09
823 1.23593e+09
824 1.24239e+09
825 1.196e+09
826 1.22981e+09
827 1.20721e+09
828 1.19679e+09
829 1.17408e+09
830 1.2353e+09
831 1.15742e+09
832 1.20453e+09
833 1.15937e+09
834 1.17547e+09
835 1.18872e+09
836 1.18018e+09
837 1.17297e+09
838 1.17877e+09
839 1.15371e+09
840 1.13106e+09
841 1.14987e+09
842 1.13785e+09
843 1.10327e+09
844 1.12668e+09
845 1.1297e+09
846 1.11985e+09
847 1.14064e+09
848 1.16957e+09
849 1.11005e+09
850 1.11071e+09
851 1.0704e+09
852 1.08881e+09
853 1.09011e+09
854 1.11968e+09
855 1.11234e+09
856 1.09462e+09
857 1.09456e+09
858 1.10421e+09
859 1.10283e+09
860 1.075e+09
861 1.08022e+09
862 1.05853e+09
863 1.06556e+09
864 1.05036e+09
865 1.05052e+09
866 1.09048e+09
867 1.0427e+09
868 1.07027e+09
869 1.05059e+09
870 1.02646e+09
871 1.02909e+09
872 9.8461e+08
873 1.02225e+09
874 9.89171e+08
875 1.02437e+09
876 1.04047e+09
877 1.02504e+09
878 9.87132e+08
879 1.05211e+09
880 1.01589e+09
881 9.99477e+08
882 9.99936e+08
883 1.01382e+09
884 9.8882e+08
885 1.00666e+09
886 9.99376e+08
887 1.01467e+09
888 1.00591e+09
889 9.69823e+08
890 9.69435e+08
891 9.95411e+08
892 9.43791e+08
893 9.55877e+08
894 9.75305e+08
895 9.48089e+08
896 9.7237e+08
897 9.29102e+08
898 9.15659e+08
899 9.80202e+08
900 9.3663e+08
901 9.2074e+08
902 9.63325e+08
903 9.25325e+08
904 9.15112e+08
905 9.26391e+08
906 9.15967e+08
907 9.34841e+08
908 9.13259e+08
909 9.16502e+08
910 9.31385e+08
911 8.97169e+08
912 9.11374e+08
913 9.33441e+08
914 9.06236e+08
915 9.11964e+08
916 8.84642e+08
917 9.14234e+08
918 9.09349e+08
919 8.81181e+08
920 8.89499e+08
921 8.9624e+08
922 9.03651e+08
923 8.73871e+08
924 8.84713e+08
925 8.66263e+08
926 8.69863e+08
927 8.71407e+08
928 8.99045e+08
929 8.76485e+08
930 8.80401e+08
931 8.42353e+08
932 8.68039e+08
933 8.64582e+08
934 8.71946e+08
935 8.62229e+08
936 8.68187e+08
937 8.44863e+08
938 8.35861e+08
939 8.46419e+08
940 8.42268e+08
941 8.24896e+08
942 8.31478e+08
943 8.30353e+08
944 8.40212e+08
945 8.59231e+08
946 8.51208e+08
947 8.45379e+08
948 8.49498e+08
949 8.58112e+08
950 8.42485e+08
951 8.07589e+08
952 8.41797e+08
953 8.57787e+08
954 8.07874e+08
955 8.13001e+08
956 8.50724e+08
957 7.96813e+08
958 8.06e+08
959 8.09122e+08
960 8.02254e+08
961 8.05937e+08
962 8.30189e+08
963 7.8309e+08
964 8.13493e+08
965 8.0344e+08
966 8.07897e+08
967 7.8275e+08
968 7.88932e+08
969 7.99228e+08
970 7.97919e+08
971 7.8137e+08
972 7.59381e+08
973 7.83513e+08
974 7.84832e+08
975 7.73306e+08
976 7.88266e+08
977 7.82113e+08
978 7.84783e+08
979 7.86371e+08
980 7.6652e+08
981 7.89632e+08
982 7.76937e+08
983 7.43216e+08
984 7.85861e+08
985 7.49769e+08
986 7.78959e+08
987 7.74601e+08
988 7.39989e+08
989 7.52364e+08
990 7.54878e+08
991 7.42186e+08
992 7.47639e+08
993 7.48894e+08
994 7.34448e+08
995 7.54712e+08
996 7.35304e+08
997 7.53794e+08
998 7.66949e+08
999 7.65896e+08
1000 7.31475e+08
1001 7.49475e+08
1002 7.52772e+08
1003 7.38591e+08
1004 7.36896e+08
1005 7.34923e+08
1006 7.37517e+08
1007 7.49454e+08
1008 7.47597e+08
1009 7.3255e+08
1010 7.62127e+08
1011 7.41003e+08
1012 7.29629e+08
1013 7.58669e+08
1014 7.2516e+08
1015 7.35676e+08
1016 7.4908e+08
1017 7.31021e+08
1018 7.20683e+08
1019 7.37337e+08
1020 7.28673e+08
1021 7.08467e+08
1022 7.31145e+08
1023 7.26656e+08
1024 7.03858e+08
