# input_file=p1_4_2.tif
# Nx=2048
# Ny=2048
0 2.86608e+17
1 2.20697e+13
2 8.8786e+12
3 1.85702e+13
4 6.21743e+12
5 7.46072e+12
6 7.73718e+12
7 4.99975e+12
8 3.85652e+12
9 3.23476e+12
10 2.95553e+12
11 3.5926e+12
12 2.29739e+12
13 1.72703e+12
14 1.8333e+12
15 1.88138e+12
16 1.60205e+12
17 1.22304e+12
18 1.23192e+12
19 1.01494e+12
20 1.01365e+12
21 9.95333e+11
22 9.48412e+11
23 7.9861e+11
24 8.25515e+11
25 7.08533e+11
26 6.11664e+11
27 7.27635e+11
28 7.20973e+11
29 4.88227e+11
30 4.7882e+11
31 6.17327e+11
32 5.955e+11
33 4.88144e+11
34 4.78689e+11
35 4.74742e+11
36 3.77826e+11
37 3.82922e+11
38 3.02454e+11
39 3.71008e+11
40 3.26169e+11
41 3.69398e+11
42 2.91601e+11
43 3.06768e+11
44 3.06921e+11
45 3.26586e+11
46 2.73609e+11
47 2.93461e+11
48 2.78607e+11
49 2.61671e+11
50 2.34785e+11
51 2.26384e+11
52 2.24051e+11
53 2.57761e+11
54 2.45059e+11
55 2.36364e+11
56 2.32073e+11
57 2.08753e+11
58 2.02996e+11
59 2.05282e+11
60 2.0913e+11
61 1.90676e+11
62 2.01314e+11
63 1.85482e+11
64 1.72614e+11
65 1.91328e+11
66 1.84554e+11
67 1.67862e+11
68 1.79109e+11
69 1.5281e+11
70 1.63466e+11
71 1.76403e+11
72 1.58841e+11
73 1.54451e+11
74 1.42899e+11
75 1.52641e+11
76 1.49496e+11
77 1.43219e+11
78 1.31016e+11
79 1.38674e+11
80 1.44772e+11
81 1.33692e+11
82 1.26174e+11
83 1.20735e+11
84 1.31627e+11
85 1.33609e+11
86 1.27719e+11
87 1.31548e+11
88 1.24558e+11
89 1.13535e+11
90 1.14592e+11
91 1.23751e+11
92 1.08371e+11
93 1.12863e+11
94 1.04487e+11
95 1.06226e+11
96 1.08643e+11
97 9.58932e+10
98 1.00427e+11
99 9.46388e+10
100 8.79579e+10
101 1.00089e+11
102 8.98865e+10
103 9.64556e+10
104 8.63051e+10
105 9.4667e+10
106 8.63331e+10
107 8.06427e+10
108 8.05625e+10
109 8.31223e+10
110 7.89776e+10
111 8.32999e+10
112 7.99023e+10
113 7.56068e+10
114 8.36121e+10
115 7.47713e+10
116 7.73775e+10
117 7.30416e+10
118 6.98549e+10
119 7.33914e+10
120 7.14821e+10
121 6.94373e+10
122 6.69278e+10
123 6.31799e+10
124 6.60438e+10
125 5.94999e+10
126 5.88628e+10
127 6.32979e+10
128 6.43927e+10
129 6.18991e+10
130 6.57846e+10
131 6.33635e+10
132 6.5339e+10
133 6.37009e+10
134 5.68828e+10
135 6.23348e+10
136 6.04838e+10
137 5.10779e+10
138 5.52105e+10
139 5.63933e+10
140 5.09385e+10
141 5.39912e+10
142 4.67353e+10
143 5.25015e+10
144 5.79091e+10
145 5.16856e+10
146 4.77343e+10
147 4.61547e+10
148 5.37526e+10
149 5.27014e+10
150 5.00621e+10
151 4.59148e+10
152 4.99681e+10
153 4.4333e+10
154 4.88747e+10
155 4.21699e+10
156 4.33186e+10
157 4.41707e+10
158 4.25083e+10
159 4.32114e+10
160 4.21783e+10
161 4.37628e+10
162 4.32077e+10
163 4.23239e+10
164 4.16262e+10
165 3.80453e+10
166 4.08025e+10
167 3.70846e+10
168 3.92019e+10
169 4.26652e+10
170 4.12197e+10
171 3.80647e+10
172 3.87569e+10
173 3.80818e+10
174 3.80428e+10
175 3.61293e+10
176 3.5333e+10
177 3.78436e+10
178 3.67047e+10
179 3.63582e+10
180 3.71606e+10
181 3.05793e+10
182 3.32076e+10
183 3.72335e+10
184 3.46804e+10
185 3.5436e+10
186 3.50392e+10
187 3.61198e+10
188 3.22856e+10
189 3.5966e+10
190 3.22309e+10
191 3.26691e+10
192 3.04768e+10
193 2.95191e+10
194 2.9813e+10
195 3.12315e+10
196 3.04246e+10
197 3.01256e+10
198 2.86093e+10
199 3.01523e+10
200 3.08656e+10
201 3.01419e+10
202 2.81719e+10
203 2.98968e+10
204 2.88615e+10
205 2.76613e+10
206 2.78692e+10
207 2.59954e+10
208 2.80184e+10
209 2.88753e+10
210 2.57886e+10
211 2.70733e+10
212 2.61346e+10
213 2.69416e+10
214 2.56216e+10
215 2.58752e+10
216 2.69647e+10
217 2.80085e+10
218 2.62684e+10
219 2.56172e+10
220 2.51086e+10
221 2.59608e+10
222 2.57606e+10
223 2.48422e+10
224 2.63168e+10
225 2.42552e+10
226 2.6192e+10
227 2.51601e+10
228 2.47828e+10
229 2.38918e+10
230 2.50795e+10
231 2.4608e+10
232 2.35014e+10
233 2.38797e+10
234 2.36006e+10
235 2.24654e+10
236 2.4302e+10
237 2.29887e+10
238 2.33589e+10
239 2.23547e+10
240 2.20467e+10
241 2.26518e+10
242 2.16849e+10
243 2.18423e+10
244 2.09757e+10
245 2.25969e+10
246 2.07279e+10
247 2.22306e+10
248 1.97963e+10
249 2.18533e+10
250 2.01407e+10
251 2.18615e+10
252 2.08414e+10
253 2.07124e+10
254 2.08009e+10
255 2.2314e+10
256 2.02835e+10
257 2.10896e+10
258 2.04008e+10
259 1.93559e+10
260 2.06771e+10
261 1.91874e+10
262 1.94115e+10
263 2.14378e+10
264 1.98162e+10
265 1.81738e+10
266 1.94989e+10
267 1.9488e+10
268 1.98351e+10
269 1.7481e+10
270 2.02668e+10
271 1.82702e+10
272 1.84328e+10
273 1.87276e+10
274 1.88577e+10
275 1.80088e+10
276 1.82053e+10
277 1.82057e+10
278 1.8269e+10
279 1.75476e+10
280 1.71258e+10
281 1.77748e+10
282 1.76865e+10
283 1.75049e+10
284 1.70751e+10
285 1.66367e+10
286 1.76216e+10
287 1.79596e+10
288 1.73771e+10
289 1.67112e+10
290 1.70917e+10
291 1.62889e+10
292 1.65553e+10
293 1.68138e+10
294 1.63205e+10
295 1.6017e+10
296 1.56656e+10
297 1.58919e+10
298 1.61964e+10
299 1.65096e+10
300 1.50752e+10
301 1.59562e+10
302 1.6228e+10
303 1.52884e+10
304 1.64414e+10
305 1.4578e+10
306 1.52434e+10
307 1.53954e+10
308 1.50242e+10
309 1.55181e+10
310 1.52343e+10
311 1.42733e+10
312 1.42786e+10
313 1.42645e+10
314 1.46291e+10
315 1.43146e+10
316 1.40857e+10
317 1.47059e+10
318 1.48633e+10
319 1.4495e+10
320 1.41771e+10
321 1.34855e+10
322 1.40173e+10
323 1.37992e+10
324 1.32923e+10
325 1.37196e+10
326 1.34348e+10
327 1.3311e+10
328 1.33525e+10
329 1.3531e+10
330 1.4367e+10
331 1.32698e+10
332 1.32472e+10
333 1.29014e+10
334 1.31757e+10
335 1.31727e+10
336 1.26529e+10
337 1.28381e+10
338 1.30004e+10
339 1.3384e+10
340 1.29794e+10
341 1.27914e+10
342 1.25901e+10
343 1.25264e+10
344 1.2742e+10
345 1.24083e+10
346 1.23256e+10
347 1.2102e+10
348 1.29203e+10
349 1.2493e+10
350 1.22462e+10
351 1.27047e+10
352 1.19905e+10
353 1.1783e+10
354 1.25433e+10
355 1.17403e+10
356 1.17715e+10
357 1.16974e+10
358 1.12036e+10
359 1.15902e+10
360 1.13441e+10
361 1.1866e+10
362 1.10651e+10
363 1.11055e+10
364 1.19841e+10
365 1.15198e+10
366 1.13375e+10
367 1.02918e+10
368 1.10653e+10
369 1.04745e+10
370 1.08995e+10
371 1.11228e+10
372 1.09175e+10
373 1.05795e+10
374 1.04849e+10
375 1.0273e+10
376 1.07085e+10
377 1.09077e+10
378 1.02683e+10
379 1.03194e+10
380 1.0019e+10
381 1.03893e+10
382 1.01475e+10
383 1.02398e+10
384 1.04618e+10
385 9.61458e+09
386 9.70441e+09
387 1.03501e+10
388 1.04113e+10
389 9.73307e+09
390 1.03297e+10
391 1.01529e+10
392 9.81348e+09
393 1.01193e+10
394 9.54988e+09
395 9.32104e+09
396 9.33561e+09
397 9.47777e+09
398 9.34027e+09
399 8.80159e+09
400 9.52794e+09
401 9.10882e+09
402 9.33241e+09
403 9.0035e+09
404 8.85855e+09
405 8.69863e+09
406 8.48749e+09
407 9.04339e+09
408 8.19626e+09
409 9.07767e+09
410 8.67099e+09
411 8.31995e+09
412 8.90156e+09
413 8.6822e+09
414 8.69392e+09
415 9.07101e+09
416 7.93133e+09
417 8.31269e+09
418 8.42901e+09
419 8.73715e+09
420 8.46825e+09
421 8.19618e+09
422 8.18995e+09
423 8.03335e+09
424 7.97057e+09
425 8.29491e+09
426 8.145e+09
427 7.67974e+09
428 8.19412e+09
429 7.81513e+09
430 7.97003e+09
431 7.72502e+09
432 7.72749e+09
433 8.04709e+09
434 7.88001e+09
435 7.84222e+09
436 7.31804e+09
437 7.48627e+09
438 7.68312e+09
439 7.76925e+09
440 7.097e+09
441 7.38935e+09
442 7.64598e+09
443 7.45315e+09
444 7.11091e+09
445 7.13511e+09
446 7.52745e+09
447 7.05032e+09
448 7.29835e+09
449 7.05458e+09
450 7.11795e+09
451 7.20802e+09
452 6.67941e+09
453 6.86655e+09
454 7.00706e+09
455 6.72611e+09
456 6.76295e+09
457 6.86111e+09
458 6.91392e+09
459 6.97774e+09
460 6.63458e+09
461 6.58844e+09
462 6.59105e+09
463 6.44272e+09
464 6.53052e+09
465 6.38726e+09
466 6.40375e+09
467 6.59204e+09
468 6.59871e+09
469 6.49524e+09
470 6.47901e+09
471 6.40445e+09
472 6.23492e+09
473 6.305e+09
474 6.38482e+09
475 6.18408e+09
476 6.1016e+09
477 6.21773e+09
478 6.22861e+09
479 5.90265e+09
480 5.93487e+09
481 5.87599e+09
482 6.21678e+09
483 5.83012e+09
484 5.79498e+09
485 5.89519e+09
486 5.63616e+09
487 5.86492e+09
488 5.45445e+09
489 6.02548e+09
490 5.69226e+09
491 5.72509e+09
492 5.53757e+09
493 5.58554e+09
494 5.75614e+09
495 5.79168e+09
496 5.40424e+09
497 5.7576e+09
498 5.40083e+09
499 5.66682e+09
500 5.38261e+09
501 5.62616e+09
502 5.10898e+09
503 5.16657e+09
504 5.39049e+09
505 5.10749e+09
506 5.29695e+09
507 5.32311e+09
508 5.21373e+09
509 5.2262e+09
510 5.23017e+09
511 5.04418e+09
512 4.93131e+09
513 4.83643e+09
514 5.15792e+09
515 5.19123e+09
516 4.98887e+09
517 4.91596e+09
518 4.90123e+09
519 5.0156e+09
520 4.89035e+09
521 4.84116e+09
522 4.87898e+09
523 4.74853e+09
524 4.83869e+09
525 4.91922e+09
526 4.77382e+09
527 4.64248e+09
528 4.43886e+09
529 4.7142e+09
530 4.68526e+09
531 4.54882e+09
532 4.66183e+09
533 4.52953e+09
534 4.54687e+09
535 4.4633e+09
536 4.55363e+09
537 4.43666e+09
538 4.48376e+09
539 4.27456e+09
540 4.43961e+09
541 4.29511e+09
542 4.18426e+09
543 4.27319e+09
544 4.39051e+09
545 4.06939e+09
546 4.40934e+09
547 4.51199e+09
548 4.34918e+09
549 4.30644e+09
550 4.09281e+09
551 4.25129e+09
552 3.98746e+09
553 4.20262e+09
554 4.04713e+09
555 3.90239e+09
556 3.92024e+09
557 4.08144e+09
558 3.8606e+09
559 4.02503e+09
560 3.6944e+09
561 3.91402e+09
562 3.97257e+09
563 4.02445e+09
564 3.96927e+09
565 4.02866e+09
566 3.74333e+09
567 3.72721e+09
568 3.86527e+09
569 3.73593e+09
570 3.80742e+09
571 3.71692e+09
572 3.47417e+09
573 3.65204e+09
574 3.6318e+09
575 3.53618e+09
576 3.79385e+09
577 3.64238e+09
578 3.64565e+09
579 3.58896e+09
580 3.62427e+09
581 3.7048e+09
582 3.58718e+09
583 3.47628e+09
584 3.43015e+09
585 3.41411e+09
586 3.55383e+09
587 3.65647e+09
588 3.3761e+09
589 3.49749e+09
590 3.34838e+09
591 3.28748e+09
592 3.35351e+09
593 3.38594e+09
594 3.42418e+09
595 3.44301e+09
596 3.44026e+09
597 3.23425e+09
598 3.33697e+09
599 3.43013e+09
600 3.33612e+09
601 3.21934e+09
602 3.25839e+09
603 3.12871e+09
604 3.18127e+09
605 3.09885e+09
606 3.16295e+09
607 3.12161e+09
608 3.07303e+09
609 3.12474e+09
610 3.09447e+09
611 3.05321e+09
612 3.1683e+09
613 3.11227e+09
614 3.0235e+09
615 3.00596e+09
616 3.09116e+09
617 2.86304e+09
618 3.079e+09
619 3.06709e+09
620 2.95897e+09
621 3.03081e+09
622 2.86572e+09
623 2.83641e+09
624 2.95317e+09
625 2.768e+09
626 2.80562e+09
627 2.79813e+09
628 2.79824e+09
629 2.81801e+09
630 2.71527e+09
631 2.78094e+09
632 2.82901e+09
633 2.64269e+09
634 2.76697e+09
635 2.82592e+09
636 2.71228e+09
637 2.81387e+09
638 2.66769e+09
639 2.60579e+09
640 2.59857e+09
641 2.67684e+09
642 2.64915e+09
643 2.78483e+09
644 2.68426e+09
645 2.64056e+09
646 2.54075e+09
647 2.63901e+09
648 2.61491e+09
649 2.44724e+09
650 2.51758e+09
651 2.45338e+09
652 2.53963e+09
653 2.52276e+09
654 2.51194e+09
655 2.45288e+09
656 2.43996e+09
657 2.49347e+09
658 2.49877e+09
659 2.37009e+09
660 2.4272e+09
661 2.42843e+09
662 2.38739e+09
663 2.34665e+09
664 2.31228e+09
665 2.40681e+09
666 2.38094e+09
667 2.32623e+09
668 2.35259e+09
669 2.2496e+09
670 2.30087e+09
671 2.38558e+09
672 2.30709e+09
673 2.28243e+09
674 2.27396e+09
675 2.1938e+09
676 2.25662e+09
677 2.18436e+09
678 2.21915e+09
679 2.20197e+09
680 2.23436e+09
681 2.17038e+09
682 2.18568e+09
683 2.12026e+09
684 2.11048e+09
685 2.18088e+09
686 2.14001e+09
687 2.06574e+09
688 2.14196e+09
689 2.12677e+09
690 2.09741e+09
691 2.06628e+09
692 2.17157e+09
693 2.01518e+09
694 2.024e+09
695 2.17976e+09
696 2.06927e+09
697 2.04374e+09
698 1.99632e+09
699 1.94066e+09
700 1.98235e+09
701 2.03018e+09
702 1.99763e+09
703 1.99948e+09
704 1.96484e+09
705 1.97599e+09
706 1.92644e+09
707 1.96918e+09
708 1.91485e+09
709 1.93733e+09
710 1.90182e+09
711 1.93861e+09
712 1.93221e+09
713 1.92105e+09
714 1.92443e+09
715 1.82949e+09
716 1.83005e+09
717 1.83801e+09
718 1.83501e+09
719 1.84978e+09
720 1.84742e+09
721 1.81333e+09
722 1.84663e+09
723 1.80954e+09
724 1.83261e+09
725 1.8134e+09
726 1.73242e+09
727 1.78254e+09
728 1.75841e+09
729 1.78464e+09
730 1.69867e+09
731 1.73232e+09
732 1.78885e+09
733 1.76217e+09
734 1.72353e+09
735 1.71134e+09
736 1.71487e+09
737 1.69439e+09
738 1.71595e+09
739 1.73202e+09
740 1.68397e+09
741 1.69083e+09
742 1.65024e+09
743 1.72258e+09
744 1.61669e+09
745 1.62227e+09
746 1.61064e+09
747 1.69586e+09
748 1.63119e+09
749 1.65876e+09
750 1.63706e+09
751 1.60692e+09
752 1.61314e+09
753 1.55605e+09
754 1.59801e+09
755 1.60067e+09
756 1.58244e+09
757 1.59532e+09
758 1.59589e+09
759 1.51904e+09
760 1.54654e+09
761 1.50635e+09
762 1.54749e+09
763 1.52554e+09
764 1.53941e+09
765 1.52403e+09
766 1.51182e+09
767 1.52522e+09
768 1.54235e+09
769 1.47336e+09
770 1.45063e+09
771 1.45861e+09
772 1.46688e+09
773 1.46986e+09
774 1.45458e+09
775 1.44519e+09
776 1.4598e+09
777 1.43492e+09
778 1.46685e+09
779 1.40321e+09
780 1.37375e+09
781 1.37592e+09
782 1.37459e+09
783 1.39206e+09
784 1.39204e+09
785 1.3928e+09
786 1.3048e+09
787 1.38101e+09
788 1.36943e+09
789 1.3908e+09
790 1.36156e+09
791 1.31839e+09
792 1.36465e+09
793 1.33298e+09
794 1.3312e+09
795 1.33597e+09
796 1.38724e+09
797 1.34942e+09
798 1.30945e+09
799 1.3209e+09
800 1.29605e+09
801 1.26e+09
802 1.31636e+09
803 1.31639e+09
804 1.28537e+09
805 1.26127e+09
806 1.25111e+09
807 1.2632e+09
808 1.31635e+09
809 1.2608e+09
810 1.23991e+09
811 1.3069e+09
812 1.26698e+09
813 1.21782e+09
814 1.26071e+09
815 1.24016e+09
816 1.22949e+09
817 1.19409e+09
818 1.21777e+09
819 1.25029e+09
820 1.1767e+09
821 1.21612e+09
822 1.19016e+09
823 1.17781e+09
824 1.21473e+09
825 1.18317e+09
826 1.16782e+09
827 1.17423e+09
828 1.1905e+09
829 1.20331e+09
830 1.17421e+09
831 1.16977e+09
832 1.15895e+09
833 1.15e+09
834 1.153e+09
835 1.0988e+09
836 1.14871e+09
837 1.12014e+09
838 1.12291e+09
839 1.0951e+09
840 1.16975e+09
841 1.14126e+09
842 1.06648e+09
843 1.12237e+09
844 1.11523e+09
845 1.14861e+09
846 1.14217e+09
847 1.12601e+09
848 1.08805e+09
849 1.07127e+09
850 1.09736e+09
851 1.04346e+09
852 1.0852e+09
853 1.07998e+09
854 1.05412e+09
855 1.11194e+09
856 1.07737e+09
857 1.05088e+09
858 1.07544e+09
859 1.03689e+09
860 1.06384e+09
861 1.05189e+09
862 1.03689e+09
863 1.0257e+09
864 1.04484e+09
865 1.05047e+09
866 1.02626e+09
867 1.02936e+09
868 1.02453e+09
869 1.04044e+09
870 1.00913e+09
871 1.01303e+09
872 1.01891e+09
873 1.01866e+09
874 9.90315e+08
875 1.01828e+09
876 1.00037e+09
877 9.99895e+08
878 1.00327e+09
879 1.00187e+09
880 1.00019e+09
881 9.82687e+08
882 1.00329e+09
883 9.83236e+08
884 9.87792e+08
885 9.69304e+08
886 9.43882e+08
887 9.90719e+08
888 9.5827e+08
889 9.76402e+08
890 9.77678e+08
891 9.45908e+08
892 9.37717e+08
893 9.20497e+08
894 9.38303e+08
895 9.31673e+08
896 9.37425e+08
897 9.05275e+08
898 9.27806e+08
899 9.36311e+08
900 9.50846e+08
901 9.10016e+08
902 9.27013e+08
903 9.48088e+08
904 9.23298e+08
905 9.02749e+08
906 9.116e+08
907 8.92176e+08
908 8.90464e+08
909 8.89209e+08
910 8.95986e+08
911 9.01027e+08
912 8.81231e+08
913 9.07333e+08
914 8.99683e+08
915 9.16163e+08
916 8.96134e+08
917 8.87414e+08
918 8.74942e+08
919 8.57241e+08
920 8.69887e+08
921 8.81081e+08
922 8.73071e+08
923 8.61276e+08
924 8.64031e+08
925 8.56111e+08
926 8.32133e+08
927 8.67051e+08
928 8.86054e+08
929 8.56208e+08
930 8.72839e+08
931 8.60894e+08
932 8.38804e+08
933 8.34058e+08
934 8.27586e+08
935 8.31152e+08
936 8.18688e+08
937 8.64833e+08
938 8.39763e+08
939 8.5053e+08
940 8.33011e+08
941 8.08031e+08
942 8.04455e+08
943 8.06545e+08
944 8.12446e+08
945 8.252e+08
946 8.20291e+08
947 7.91636e+08
948 8.13738e+08
949 8.23636e+08
950 8.12649e+08
951 7.85802e+08
952 7.98177e+08
953 8.28886e+08
954 8.05009e+08
955 8.03882e+08
956 7.99649e+08
957 8.08902e+08
958 7.79332e+08
959 7.71875e+08
960 7.87352e+08
961 8.04965e+08
962 8.07305e+08
963 8.00452e+08
964 7.91387e+08
965 7.77336e+08
966 8.02467e+08
967 8.02335e+08
968 8.10712e+08
969 7.90735e+08
970 7.88173e+08
971 7.70164e+08
972 7.73254e+08
973 7.54255e+08
974 7.79799e+08
975 7.75718e+08
976 7.8558e+08
977 7.55548e+08
978 7.70825e+08
979 7.63308e+08
980 7.48525e+08
981 7.95558e+08
982 7.50923e+08
983 7.68356e+08
984 7.30706e+08
985 7.47613e+08
986 7.42857e+08
987 7.46905e+08
988 7.47352e+08
989 7.71254e+08
990 7.57636e+08
991 7.27776e+08
992 7.41022e+08
993 7.58888e+08
994 7.3951e+08
995 7.67475e+08
996 7.35722e+08
997 7.23467e+08
998 7.44474e+08
999 7.51044e+08
1000 7.43223e+08
1001 7.28938e+08
1002 7.32957e+08
1003 7.4102e+08
1004 7.31971e+08
1005 7.45489e+08
1006 7.4636e+08
1007 7.16606e+08
1008 7.31524e+08
1009 7.41294e+08
1010 6.99558e+08
1011 7.28433e+08
1012 7.05158e+08
1013 7.30871e+08
1014 7.1785e+08
1015 7.11371e+08
1016 7.27192e+08
1017 7.16297e+08
1018 7.05938e+08
1019 7.16767e+08
1020 7.39821e+08
1021 7.19725e+08
1022 7.0344e+08
1023 7.19828e+08
1024 7.23353e+08
