# input_file=pMEAN
# Nx=2048
# Ny=2048
0 2.86425e+17
1 1.89402e+13
2 1.08939e+13
3 9.30444e+12
4 7.93372e+12
5 7.02771e+12
6 5.65854e+12
7 4.98123e+12
8 3.91295e+12
9 3.36799e+12
10 3.02073e+12
11 2.66801e+12
12 2.1965e+12
13 1.88329e+12
14 1.65709e+12
15 1.52721e+12
16 1.37014e+12
17 1.2134e+12
18 1.11083e+12
19 1.02953e+12
20 8.87567e+11
21 8.66275e+11
22 8.24703e+11
23 7.30551e+11
24 6.91689e+11
25 6.34142e+11
26 6.22071e+11
27 5.80964e+11
28 5.50203e+11
29 5.34259e+11
30 5.27595e+11
31 4.75459e+11
32 4.646e+11
33 4.29148e+11
34 4.30873e+11
35 4.0427e+11
36 3.86822e+11
37 3.64325e+11
38 3.49741e+11
39 3.44518e+11
40 3.37549e+11
41 3.29204e+11
42 3.05459e+11
43 3.09613e+11
44 2.92723e+11
45 2.76889e+11
46 2.73106e+11
47 2.72384e+11
48 2.65352e+11
49 2.52415e+11
50 2.45574e+11
51 2.47202e+11
52 2.38854e+11
53 2.28501e+11
54 2.24034e+11
55 2.18931e+11
56 2.1317e+11
57 2.05098e+11
58 2.0285e+11
59 2.01576e+11
60 1.91438e+11
61 1.93662e+11
62 1.90166e+11
63 1.79359e+11
64 1.79321e+11
65 1.76063e+11
66 1.70824e+11
67 1.68312e+11
68 1.6389e+11
69 1.59243e+11
70 1.60564e+11
71 1.53008e+11
72 1.50957e+11
73 1.51903e+11
74 1.49044e+11
75 1.45324e+11
76 1.41415e+11
77 1.38466e+11
78 1.37294e+11
79 1.30725e+11
80 1.314e+11
81 1.27433e+11
82 1.27778e+11
83 1.27321e+11
84 1.2394e+11
85 1.22337e+11
86 1.18379e+11
87 1.1439e+11
88 1.16159e+11
89 1.11627e+11
90 1.12063e+11
91 1.10065e+11
92 1.10011e+11
93 1.0574e+11
94 1.05296e+11
95 1.03335e+11
96 1.00578e+11
97 9.79661e+10
98 9.82702e+10
99 9.72893e+10
100 9.45598e+10
101 9.392e+10
102 9.0682e+10
103 9.24248e+10
104 8.87413e+10
105 9.03406e+10
106 8.65275e+10
107 8.59551e+10
108 8.40294e+10
109 8.24902e+10
110 8.19906e+10
111 7.91776e+10
112 7.98506e+10
113 7.82415e+10
114 7.74706e+10
115 7.50777e+10
116 7.54106e+10
117 7.38999e+10
118 7.30888e+10
119 7.25977e+10
120 7.13827e+10
121 6.9751e+10
122 6.96096e+10
123 6.8448e+10
124 6.81679e+10
125 6.70648e+10
126 6.48833e+10
127 6.49388e+10
128 6.4102e+10
129 6.36986e+10
130 6.20278e+10
131 6.1186e+10
132 6.14725e+10
133 6.06574e+10
134 5.92258e+10
135 5.9159e+10
136 5.75351e+10
137 5.71308e+10
138 5.68573e+10
139 5.55739e+10
140 5.46913e+10
141 5.53324e+10
142 5.35179e+10
143 5.26662e+10
144 5.31058e+10
145 5.25848e+10
146 5.169e+10
147 5.14024e+10
148 5.11545e+10
149 5.03825e+10
150 4.91931e+10
151 4.8252e+10
152 4.81996e+10
153 4.75133e+10
154 4.68773e+10
155 4.59056e+10
156 4.65863e+10
157 4.59089e+10
158 4.56932e+10
159 4.48328e+10
160 4.44171e+10
161 4.43988e+10
162 4.26214e+10
163 4.21611e+10
164 4.30682e+10
165 4.22556e+10
166 4.14987e+10
167 4.09725e+10
168 4.05137e+10
169 4.07972e+10
170 4.07002e+10
171 3.99167e+10
172 3.92881e+10
173 3.8794e+10
174 3.93194e+10
175 3.82217e+10
176 3.81821e+10
177 3.79465e+10
178 3.68169e+10
179 3.69982e+10
180 3.66138e+10
181 3.59458e+10
182 3.65774e+10
183 3.5952e+10
184 3.53537e+10
185 3.51927e+10
186 3.46322e+10
187 3.45641e+10
188 3.37195e+10
189 3.41814e+10
190 3.322e+10
191 3.32333e+10
192 3.31489e+10
193 3.27377e+10
194 3.27851e+10
195 3.22348e+10
196 3.25029e+10
197 3.2457e+10
198 3.12387e+10
199 3.14251e+10
200 3.13103e+10
201 3.10528e+10
202 3.05724e+10
203 3.15152e+10
204 3.01668e+10
205 3.0334e+10
206 2.96769e+10
207 2.94723e+10
208 2.9313e+10
209 2.96726e+10
210 2.83183e+10
211 2.83175e+10
212 2.85803e+10
213 2.82452e+10
214 2.78974e+10
215 2.79692e+10
216 2.79746e+10
217 2.72984e+10
218 2.73798e+10
219 2.70489e+10
220 2.64737e+10
221 2.70758e+10
222 2.70553e+10
223 2.66413e+10
224 2.63779e+10
225 2.6588e+10
226 2.63416e+10
227 2.57007e+10
228 2.52398e+10
229 2.57115e+10
230 2.56379e+10
231 2.51622e+10
232 2.48877e+10
233 2.4786e+10
234 2.50946e+10
235 2.49264e+10
236 2.48562e+10
237 2.44856e+10
238 2.40439e+10
239 2.38907e+10
240 2.37147e+10
241 2.38113e+10
242 2.32023e+10
243 2.35476e+10
244 2.30401e+10
245 2.30365e+10
246 2.30127e+10
247 2.29507e+10
248 2.26079e+10
249 2.28336e+10
250 2.20484e+10
251 2.23272e+10
252 2.20804e+10
253 2.1859e+10
254 2.18546e+10
255 2.16891e+10
256 2.18595e+10
257 2.15244e+10
258 2.14626e+10
259 2.14384e+10
260 2.12215e+10
261 2.07859e+10
262 2.09705e+10
263 2.06071e+10
264 2.09775e+10
265 2.0746e+10
266 2.07621e+10
267 2.07264e+10
268 2.02497e+10
269 1.99254e+10
270 2.00532e+10
271 1.97625e+10
272 1.97916e+10
273 1.98512e+10
274 1.94845e+10
275 1.94883e+10
276 1.90402e+10
277 1.94281e+10
278 1.93693e+10
279 1.88203e+10
280 1.89362e+10
281 1.88079e+10
282 1.90254e+10
283 1.8768e+10
284 1.82951e+10
285 1.83909e+10
286 1.82481e+10
287 1.81572e+10
288 1.80618e+10
289 1.80226e+10
290 1.79673e+10
291 1.77373e+10
292 1.77621e+10
293 1.75392e+10
294 1.74933e+10
295 1.7376e+10
296 1.72956e+10
297 1.70285e+10
298 1.70828e+10
299 1.70684e+10
300 1.67095e+10
301 1.66e+10
302 1.66904e+10
303 1.66556e+10
304 1.66027e+10
305 1.63841e+10
306 1.66249e+10
307 1.62349e+10
308 1.63888e+10
309 1.60278e+10
310 1.59262e+10
311 1.59715e+10
312 1.58587e+10
313 1.57822e+10
314 1.56071e+10
315 1.54911e+10
316 1.5553e+10
317 1.54787e+10
318 1.52488e+10
319 1.54481e+10
320 1.51154e+10
321 1.48879e+10
322 1.49321e+10
323 1.50689e+10
324 1.47336e+10
325 1.46982e+10
326 1.47914e+10
327 1.45077e+10
328 1.43857e+10
329 1.41849e+10
330 1.45296e+10
331 1.42901e+10
332 1.41666e+10
333 1.42583e+10
334 1.42153e+10
335 1.39377e+10
336 1.3765e+10
337 1.37333e+10
338 1.38244e+10
339 1.38522e+10
340 1.3581e+10
341 1.35029e+10
342 1.33383e+10
343 1.33218e+10
344 1.32516e+10
345 1.32512e+10
346 1.30713e+10
347 1.3056e+10
348 1.2986e+10
349 1.29647e+10
350 1.28667e+10
351 1.28994e+10
352 1.28277e+10
353 1.27542e+10
354 1.26172e+10
355 1.25434e+10
356 1.25023e+10
357 1.24485e+10
358 1.2528e+10
359 1.2354e+10
360 1.21066e+10
361 1.23131e+10
362 1.22142e+10
363 1.21496e+10
364 1.20783e+10
365 1.19588e+10
366 1.17852e+10
367 1.17382e+10
368 1.17296e+10
369 1.16429e+10
370 1.16005e+10
371 1.15708e+10
372 1.14173e+10
373 1.13184e+10
374 1.14736e+10
375 1.13634e+10
376 1.11739e+10
377 1.11984e+10
378 1.10703e+10
379 1.09605e+10
380 1.09252e+10
381 1.08748e+10
382 1.09074e+10
383 1.07702e+10
384 1.07753e+10
385 1.07653e+10
386 1.04791e+10
387 1.07072e+10
388 1.06244e+10
389 1.04519e+10
390 1.04172e+10
391 1.03367e+10
392 1.0318e+10
393 1.01549e+10
394 1.02546e+10
395 1.00804e+10
396 1.00388e+10
397 9.97567e+09
398 9.93716e+09
399 9.9649e+09
400 9.8039e+09
401 9.85858e+09
402 9.69412e+09
403 9.65157e+09
404 9.654e+09
405 9.51379e+09
406 9.43537e+09
407 9.44743e+09
408 9.33415e+09
409 9.47686e+09
410 9.32878e+09
411 9.19878e+09
412 9.19278e+09
413 9.19293e+09
414 9.1572e+09
415 9.08985e+09
416 8.9637e+09
417 9.02717e+09
418 8.96231e+09
419 8.97582e+09
420 8.82596e+09
421 8.80313e+09
422 8.68462e+09
423 8.64931e+09
424 8.68284e+09
425 8.69701e+09
426 8.5586e+09
427 8.41291e+09
428 8.48213e+09
429 8.52351e+09
430 8.47035e+09
431 8.33492e+09
432 8.28021e+09
433 8.32342e+09
434 8.21658e+09
435 8.23178e+09
436 8.12355e+09
437 8.1745e+09
438 8.07418e+09
439 8.034e+09
440 7.9126e+09
441 7.85997e+09
442 7.86079e+09
443 7.84955e+09
444 7.84978e+09
445 7.71228e+09
446 7.75923e+09
447 7.60632e+09
448 7.6135e+09
449 7.60068e+09
450 7.57981e+09
451 7.56859e+09
452 7.45858e+09
453 7.40683e+09
454 7.3189e+09
455 7.26363e+09
456 7.29648e+09
457 7.33547e+09
458 7.17585e+09
459 7.22757e+09
460 7.15843e+09
461 7.08879e+09
462 7.1118e+09
463 7.06278e+09
464 7.06965e+09
465 6.99442e+09
466 6.9069e+09
467 6.94662e+09
468 6.83237e+09
469 6.80486e+09
470 6.78789e+09
471 6.77533e+09
472 6.71802e+09
473 6.72332e+09
474 6.65473e+09
475 6.56703e+09
476 6.54538e+09
477 6.53413e+09
478 6.56977e+09
479 6.48437e+09
480 6.4809e+09
481 6.40852e+09
482 6.41825e+09
483 6.44045e+09
484 6.29506e+09
485 6.24664e+09
486 6.2405e+09
487 6.25925e+09
488 6.18082e+09
489 6.10254e+09
490 6.03717e+09
491 6.09908e+09
492 6.03314e+09
493 6.06845e+09
494 5.96956e+09
495 5.96427e+09
496 5.86753e+09
497 5.94398e+09
498 5.85835e+09
499 5.85455e+09
500 5.85089e+09
501 5.76633e+09
502 5.72723e+09
503 5.68884e+09
504 5.63943e+09
505 5.61198e+09
506 5.6081e+09
507 5.60298e+09
508 5.54723e+09
509 5.56203e+09
510 5.50282e+09
511 5.46664e+09
512 5.4333e+09
513 5.36696e+09
514 5.37856e+09
515 5.34069e+09
516 5.34807e+09
517 5.28343e+09
518 5.29582e+09
519 5.23889e+09
520 5.22853e+09
521 5.19408e+09
522 5.19695e+09
523 5.11185e+09
524 5.15701e+09
525 5.06217e+09
526 5.08633e+09
527 4.97577e+09
528 5.00133e+09
529 5.02371e+09
530 4.98905e+09
531 4.95e+09
532 4.94204e+09
533 4.84654e+09
534 4.86904e+09
535 4.88727e+09
536 4.7949e+09
537 4.81085e+09
538 4.76354e+09
539 4.72792e+09
540 4.70392e+09
541 4.67044e+09
542 4.60342e+09
543 4.63941e+09
544 4.60859e+09
545 4.62042e+09
546 4.54883e+09
547 4.58694e+09
548 4.54184e+09
549 4.4915e+09
550 4.41197e+09
551 4.46346e+09
552 4.44155e+09
553 4.44079e+09
554 4.39228e+09
555 4.38473e+09
556 4.3466e+09
557 4.38975e+09
558 4.29028e+09
559 4.257e+09
560 4.19773e+09
561 4.27281e+09
562 4.22532e+09
563 4.22522e+09
564 4.17593e+09
565 4.11419e+09
566 4.14604e+09
567 4.14385e+09
568 4.08789e+09
569 4.01714e+09
570 4.04687e+09
571 3.97878e+09
572 3.99012e+09
573 3.98558e+09
574 3.9419e+09
575 3.93181e+09
576 3.90178e+09
577 3.89194e+09
578 3.87954e+09
579 3.87086e+09
580 3.85044e+09
581 3.81643e+09
582 3.76605e+09
583 3.77041e+09
584 3.7968e+09
585 3.75392e+09
586 3.73257e+09
587 3.71425e+09
588 3.64636e+09
589 3.66479e+09
590 3.66391e+09
591 3.60226e+09
592 3.6438e+09
593 3.59695e+09
594 3.59564e+09
595 3.55115e+09
596 3.56069e+09
597 3.52352e+09
598 3.48715e+09
599 3.51831e+09
600 3.4832e+09
601 3.43779e+09
602 3.40449e+09
603 3.39304e+09
604 3.43169e+09
605 3.38091e+09
606 3.37797e+09
607 3.3532e+09
608 3.29639e+09
609 3.28792e+09
610 3.30699e+09
611 3.29947e+09
612 3.31576e+09
613 3.20679e+09
614 3.27884e+09
615 3.21669e+09
616 3.19103e+09
617 3.17716e+09
618 3.17662e+09
619 3.16925e+09
620 3.13891e+09
621 3.13865e+09
622 3.11766e+09
623 3.06809e+09
624 3.08742e+09
625 3.08796e+09
626 3.04072e+09
627 3.03489e+09
628 3.01739e+09
629 3.02777e+09
630 2.94602e+09
631 2.97665e+09
632 2.97458e+09
633 2.94672e+09
634 2.91242e+09
635 2.91473e+09
636 2.899e+09
637 2.89956e+09
638 2.85534e+09
639 2.84466e+09
640 2.81997e+09
641 2.81177e+09
642 2.82712e+09
643 2.80485e+09
644 2.77638e+09
645 2.78416e+09
646 2.73467e+09
647 2.73636e+09
648 2.7282e+09
649 2.71087e+09
650 2.68535e+09
651 2.72049e+09
652 2.6872e+09
653 2.67091e+09
654 2.6522e+09
655 2.62923e+09
656 2.65972e+09
657 2.64448e+09
658 2.60464e+09
659 2.59812e+09
660 2.57337e+09
661 2.56889e+09
662 2.56106e+09
663 2.52896e+09
664 2.51203e+09
665 2.49782e+09
666 2.5292e+09
667 2.49149e+09
668 2.46955e+09
669 2.45571e+09
670 2.45147e+09
671 2.44586e+09
672 2.4573e+09
673 2.42658e+09
674 2.41711e+09
675 2.4049e+09
676 2.38136e+09
677 2.37219e+09
678 2.3706e+09
679 2.36904e+09
680 2.3719e+09
681 2.30453e+09
682 2.31996e+09
683 2.31624e+09
684 2.27643e+09
685 2.28509e+09
686 2.26968e+09
687 2.26615e+09
688 2.23033e+09
689 2.24361e+09
690 2.23588e+09
691 2.2424e+09
692 2.21848e+09
693 2.22838e+09
694 2.18426e+09
695 2.17231e+09
696 2.1747e+09
697 2.16653e+09
698 2.13074e+09
699 2.13643e+09
700 2.14251e+09
701 2.10936e+09
702 2.11618e+09
703 2.09935e+09
704 2.09429e+09
705 2.06222e+09
706 2.08284e+09
707 2.04117e+09
708 2.04941e+09
709 2.02451e+09
710 2.04057e+09
711 2.01756e+09
712 2.02117e+09
713 2.0162e+09
714 2.01052e+09
715 1.97291e+09
716 1.98157e+09
717 1.96942e+09
718 1.95052e+09
719 1.95032e+09
720 1.93414e+09
721 1.93234e+09
722 1.93847e+09
723 1.91493e+09
724 1.91588e+09
725 1.89589e+09
726 1.8801e+09
727 1.87447e+09
728 1.8702e+09
729 1.87244e+09
730 1.86021e+09
731 1.85869e+09
732 1.83588e+09
733 1.82567e+09
734 1.81549e+09
735 1.81783e+09
736 1.82123e+09
737 1.79808e+09
738 1.79133e+09
739 1.78884e+09
740 1.78127e+09
741 1.75558e+09
742 1.74715e+09
743 1.76046e+09
744 1.7487e+09
745 1.74527e+09
746 1.73026e+09
747 1.71899e+09
748 1.72715e+09
749 1.70577e+09
750 1.71756e+09
751 1.68672e+09
752 1.67887e+09
753 1.67412e+09
754 1.68012e+09
755 1.6661e+09
756 1.64214e+09
757 1.65731e+09
758 1.65367e+09
759 1.63031e+09
760 1.62886e+09
761 1.61584e+09
762 1.6186e+09
763 1.6037e+09
764 1.60229e+09
765 1.6102e+09
766 1.58622e+09
767 1.57056e+09
768 1.58454e+09
769 1.57098e+09
770 1.56401e+09
771 1.55554e+09
772 1.55197e+09
773 1.53907e+09
774 1.52961e+09
775 1.51329e+09
776 1.51135e+09
777 1.50658e+09
778 1.51144e+09
779 1.49234e+09
780 1.48132e+09
781 1.48888e+09
782 1.47899e+09
783 1.47894e+09
784 1.45741e+09
785 1.4753e+09
786 1.45146e+09
787 1.44838e+09
788 1.45002e+09
789 1.43807e+09
790 1.43118e+09
791 1.42979e+09
792 1.42591e+09
793 1.41634e+09
794 1.40852e+09
795 1.38568e+09
796 1.40916e+09
797 1.39692e+09
798 1.39088e+09
799 1.39275e+09
800 1.37633e+09
801 1.37363e+09
802 1.37823e+09
803 1.36447e+09
804 1.35664e+09
805 1.34256e+09
806 1.34499e+09
807 1.34034e+09
808 1.34363e+09
809 1.32864e+09
810 1.32425e+09
811 1.32558e+09
812 1.30813e+09
813 1.30801e+09
814 1.30627e+09
815 1.30337e+09
816 1.29995e+09
817 1.28817e+09
818 1.27553e+09
819 1.27526e+09
820 1.28631e+09
821 1.27442e+09
822 1.26603e+09
823 1.26636e+09
824 1.2551e+09
825 1.24633e+09
826 1.24449e+09
827 1.2397e+09
828 1.24362e+09
829 1.23234e+09
830 1.22303e+09
831 1.22412e+09
832 1.22143e+09
833 1.20852e+09
834 1.21012e+09
835 1.20184e+09
836 1.2052e+09
837 1.19304e+09
838 1.18707e+09
839 1.18767e+09
840 1.18232e+09
841 1.17633e+09
842 1.16245e+09
843 1.16725e+09
844 1.16631e+09
845 1.17011e+09
846 1.15802e+09
847 1.15688e+09
848 1.14537e+09
849 1.13469e+09
850 1.14562e+09
851 1.11948e+09
852 1.14287e+09
853 1.13176e+09
854 1.1203e+09
855 1.128e+09
856 1.11276e+09
857 1.12618e+09
858 1.11678e+09
859 1.10851e+09
860 1.10416e+09
861 1.09393e+09
862 1.09505e+09
863 1.10662e+09
864 1.08558e+09
865 1.09282e+09
866 1.09042e+09
867 1.07415e+09
868 1.07472e+09
869 1.07912e+09
870 1.07181e+09
871 1.06343e+09
872 1.05352e+09
873 1.05892e+09
874 1.05277e+09
875 1.04337e+09
876 1.04905e+09
877 1.04661e+09
878 1.02924e+09
879 1.04011e+09
880 1.02932e+09
881 1.03298e+09
882 1.03186e+09
883 1.02565e+09
884 1.02328e+09
885 1.01785e+09
886 1.01224e+09
887 1.01782e+09
888 1.01009e+09
889 1.00572e+09
890 1.00354e+09
891 1.00211e+09
892 9.99332e+08
893 9.8973e+08
894 9.87436e+08
895 9.7967e+08
896 9.81711e+08
897 9.76192e+08
898 9.69818e+08
899 9.76208e+08
900 9.72415e+08
901 9.65099e+08
902 9.71869e+08
903 9.57456e+08
904 9.61757e+08
905 9.57087e+08
906 9.54283e+08
907 9.58323e+08
908 9.45326e+08
909 9.49115e+08
910 9.48731e+08
911 9.47682e+08
912 9.36204e+08
913 9.33524e+08
914 9.28958e+08
915 9.30739e+08
916 9.39283e+08
917 9.29564e+08
918 9.25936e+08
919 9.17886e+08
920 9.13293e+08
921 9.15489e+08
922 9.149e+08
923 9.0827e+08
924 9.11748e+08
925 9.04035e+08
926 8.99603e+08
927 8.9883e+08
928 9.05452e+08
929 8.97068e+08
930 8.98852e+08
931 8.95817e+08
932 8.91827e+08
933 8.90761e+08
934 8.81804e+08
935 8.83591e+08
936 8.81413e+08
937 8.86614e+08
938 8.74217e+08
939 8.777e+08
940 8.73486e+08
941 8.60494e+08
942 8.67427e+08
943 8.66615e+08
944 8.62012e+08
945 8.63432e+08
946 8.58897e+08
947 8.56133e+08
948 8.53174e+08
949 8.57372e+08
950 8.60625e+08
951 8.51804e+08
952 8.43471e+08
953 8.4831e+08
954 8.42928e+08
955 8.35115e+08
956 8.43897e+08
957 8.40359e+08
958 8.37523e+08
959 8.38234e+08
960 8.34462e+08
961 8.31825e+08
962 8.32485e+08
963 8.32345e+08
964 8.23618e+08
965 8.18466e+08
966 8.23189e+08
967 8.25872e+08
968 8.21854e+08
969 8.21721e+08
970 8.17325e+08
971 8.16049e+08
972 8.08348e+08
973 8.13573e+08
974 8.09197e+08
975 8.09128e+08
976 8.04852e+08
977 8.00241e+08
978 8.10415e+08
979 8.04916e+08
980 7.99005e+08
981 8.06015e+08
982 7.96458e+08
983 7.99723e+08
984 7.94762e+08
985 7.95141e+08
986 7.89339e+08
987 7.93054e+08
988 7.87637e+08
989 7.82265e+08
990 7.87188e+08
991 7.8088e+08
992 7.81935e+08
993 7.82762e+08
994 7.84935e+08
995 7.84172e+08
996 7.78012e+08
997 7.8046e+08
998 7.77236e+08
999 7.72571e+08
1000 7.71866e+08
1001 7.75546e+08
1002 7.69264e+08
1003 7.68081e+08
1004 7.66413e+08
1005 7.63919e+08
1006 7.69384e+08
1007 7.6533e+08
1008 7.61116e+08
1009 7.57638e+08
1010 7.56746e+08
1011 7.60786e+08
1012 7.5357e+08
1013 7.64848e+08
1014 7.56919e+08
1015 7.5619e+08
1016 7.60753e+08
1017 7.53545e+08
1018 7.44686e+08
1019 7.51575e+08
1020 7.5017e+08
1021 7.43746e+08
1022 7.45209e+08
1023 7.47391e+08
1024 7.46063e+08
