# input_file=p1_1_4.tif
# Nx=2048
# Ny=2048
0 2.8817e+17
1 2.58664e+13
2 1.57829e+13
3 8.71321e+12
4 6.01014e+12
5 5.92494e+12
6 5.18743e+12
7 3.6864e+12
8 3.70885e+12
9 2.44986e+12
10 2.88641e+12
11 2.62967e+12
12 2.0242e+12
13 1.37903e+12
14 1.63995e+12
15 1.82036e+12
16 1.74301e+12
17 1.14154e+12
18 1.03138e+12
19 8.18572e+11
20 9.20465e+11
21 7.44948e+11
22 8.19401e+11
23 6.65452e+11
24 5.5267e+11
25 5.69314e+11
26 6.14389e+11
27 5.66363e+11
28 5.14531e+11
29 5.08891e+11
30 5.77387e+11
31 5.01459e+11
32 3.84338e+11
33 3.76413e+11
34 4.01279e+11
35 3.86004e+11
36 3.36982e+11
37 3.29259e+11
38 3.51146e+11
39 2.87539e+11
40 3.71818e+11
41 3.10094e+11
42 3.04583e+11
43 3.02837e+11
44 2.76829e+11
45 2.22371e+11
46 2.58463e+11
47 2.85777e+11
48 2.36584e+11
49 2.44397e+11
50 2.08571e+11
51 2.29956e+11
52 2.08275e+11
53 2.2758e+11
54 2.15536e+11
55 2.14288e+11
56 2.06538e+11
57 2.1409e+11
58 1.82931e+11
59 1.68106e+11
60 1.68463e+11
61 2.02126e+11
62 1.90863e+11
63 1.55426e+11
64 1.529e+11
65 1.70295e+11
66 1.52498e+11
67 1.66476e+11
68 1.58435e+11
69 1.44564e+11
70 1.55694e+11
71 1.40284e+11
72 1.38289e+11
73 1.37603e+11
74 1.28007e+11
75 1.33134e+11
76 1.20727e+11
77 1.3902e+11
78 1.3358e+11
79 1.14987e+11
80 1.1427e+11
81 1.14332e+11
82 1.13598e+11
83 1.22736e+11
84 1.05961e+11
85 1.07212e+11
86 1.03999e+11
87 1.18718e+11
88 1.08362e+11
89 1.0278e+11
90 1.04919e+11
91 1.00209e+11
92 1.05469e+11
93 9.51708e+10
94 1.0196e+11
95 8.65925e+10
96 8.27084e+10
97 9.78011e+10
98 9.30725e+10
99 8.64464e+10
100 8.28707e+10
101 8.43369e+10
102 7.91606e+10
103 8.84811e+10
104 7.7457e+10
105 7.5172e+10
106 7.45695e+10
107 7.4912e+10
108 7.64491e+10
109 7.64219e+10
110 7.56801e+10
111 7.32982e+10
112 6.84331e+10
113 6.60557e+10
114 6.67438e+10
115 6.63808e+10
116 6.24871e+10
117 6.39267e+10
118 6.35408e+10
119 6.50321e+10
120 6.32531e+10
121 6.41633e+10
122 6.39541e+10
123 6.83256e+10
124 5.93047e+10
125 6.15395e+10
126 5.58439e+10
127 5.60144e+10
128 5.8936e+10
129 5.46432e+10
130 5.76528e+10
131 5.31328e+10
132 5.51775e+10
133 5.4989e+10
134 5.49055e+10
135 5.36163e+10
136 4.90108e+10
137 5.04768e+10
138 5.24884e+10
139 5.31206e+10
140 5.1162e+10
141 5.19302e+10
142 5.02799e+10
143 4.59203e+10
144 5.23313e+10
145 4.39378e+10
146 4.52971e+10
147 4.70767e+10
148 4.94322e+10
149 5.00459e+10
150 4.59248e+10
151 4.42503e+10
152 4.41338e+10
153 4.12767e+10
154 4.32405e+10
155 4.01219e+10
156 4.28799e+10
157 3.86831e+10
158 4.50637e+10
159 4.10131e+10
160 3.92588e+10
161 3.9457e+10
162 4.06057e+10
163 4.19177e+10
164 3.91338e+10
165 3.72004e+10
166 3.99976e+10
167 3.73601e+10
168 3.87608e+10
169 4.01942e+10
170 3.28505e+10
171 3.60489e+10
172 3.71769e+10
173 3.64896e+10
174 3.66819e+10
175 3.62915e+10
176 3.82653e+10
177 3.51917e+10
178 3.42082e+10
179 3.32206e+10
180 3.48466e+10
181 3.52411e+10
182 3.20098e+10
183 3.23606e+10
184 3.09698e+10
185 3.22637e+10
186 3.24578e+10
187 3.09864e+10
188 3.35622e+10
189 3.25222e+10
190 3.1867e+10
191 3.17814e+10
192 3.10297e+10
193 2.95792e+10
194 3.06754e+10
195 3.1828e+10
196 3.22265e+10
197 2.98836e+10
198 2.69453e+10
199 2.91309e+10
200 3.0017e+10
201 3.01797e+10
202 2.91939e+10
203 2.8478e+10
204 2.9727e+10
205 2.74016e+10
206 2.76571e+10
207 2.74329e+10
208 2.66847e+10
209 2.69684e+10
210 2.81219e+10
211 2.73411e+10
212 2.61959e+10
213 2.60046e+10
214 2.69106e+10
215 2.6245e+10
216 2.68366e+10
217 2.70887e+10
218 2.67703e+10
219 2.62246e+10
220 2.55663e+10
221 2.67128e+10
222 2.40576e+10
223 2.54066e+10
224 2.58127e+10
225 2.43506e+10
226 2.51817e+10
227 2.40692e+10
228 2.39349e+10
229 2.55259e+10
230 2.28674e+10
231 2.29904e+10
232 2.30848e+10
233 2.32546e+10
234 2.39918e+10
235 2.22479e+10
236 2.27348e+10
237 2.26054e+10
238 2.27673e+10
239 2.16288e+10
240 2.21151e+10
241 2.14316e+10
242 2.19276e+10
243 2.30938e+10
244 2.25884e+10
245 2.1882e+10
246 2.20522e+10
247 2.26681e+10
248 2.04927e+10
249 2.16392e+10
250 2.05026e+10
251 2.1489e+10
252 2.04693e+10
253 2.2449e+10
254 2.0915e+10
255 2.10916e+10
256 2.29098e+10
257 2.08995e+10
258 2.05582e+10
259 2.05625e+10
260 2.06218e+10
261 1.87072e+10
262 2.0206e+10
263 1.83713e+10
264 1.94892e+10
265 1.92532e+10
266 2.10064e+10
267 2.06863e+10
268 1.86066e+10
269 1.96517e+10
270 1.89944e+10
271 1.9602e+10
272 1.94515e+10
273 1.88759e+10
274 1.90147e+10
275 1.72558e+10
276 1.81156e+10
277 1.80992e+10
278 1.77023e+10
279 1.71228e+10
280 1.82687e+10
281 1.75782e+10
282 1.89873e+10
283 1.85815e+10
284 1.77769e+10
285 1.7814e+10
286 1.76e+10
287 1.79095e+10
288 1.68674e+10
289 1.81246e+10
290 1.68091e+10
291 1.65925e+10
292 1.64011e+10
293 1.69702e+10
294 1.75067e+10
295 1.64094e+10
296 1.59987e+10
297 1.54987e+10
298 1.62728e+10
299 1.66767e+10
300 1.56658e+10
301 1.56592e+10
302 1.63635e+10
303 1.48796e+10
304 1.57933e+10
305 1.57624e+10
306 1.60179e+10
307 1.57381e+10
308 1.53086e+10
309 1.50406e+10
310 1.62849e+10
311 1.60421e+10
312 1.50132e+10
313 1.47349e+10
314 1.47243e+10
315 1.4303e+10
316 1.48692e+10
317 1.47111e+10
318 1.39907e+10
319 1.389e+10
320 1.42845e+10
321 1.41111e+10
322 1.50043e+10
323 1.41469e+10
324 1.40615e+10
325 1.42155e+10
326 1.37216e+10
327 1.35773e+10
328 1.39805e+10
329 1.28544e+10
330 1.45266e+10
331 1.35806e+10
332 1.36696e+10
333 1.26618e+10
334 1.36484e+10
335 1.39139e+10
336 1.29543e+10
337 1.28724e+10
338 1.40158e+10
339 1.3496e+10
340 1.28474e+10
341 1.28341e+10
342 1.36748e+10
343 1.2643e+10
344 1.22447e+10
345 1.22722e+10
346 1.24736e+10
347 1.28036e+10
348 1.1581e+10
349 1.19879e+10
350 1.2007e+10
351 1.20034e+10
352 1.19048e+10
353 1.19083e+10
354 1.18872e+10
355 1.25449e+10
356 1.1836e+10
357 1.19134e+10
358 1.18442e+10
359 1.15622e+10
360 1.15714e+10
361 1.19854e+10
362 1.17348e+10
363 1.08381e+10
364 1.20696e+10
365 1.12572e+10
366 1.06801e+10
367 1.10526e+10
368 1.12188e+10
369 1.15783e+10
370 1.1048e+10
371 1.0943e+10
372 1.0539e+10
373 1.09262e+10
374 1.07684e+10
375 1.05624e+10
376 1.05884e+10
377 1.01276e+10
378 1.09243e+10
379 1.05812e+10
380 9.85398e+09
381 1.00221e+10
382 1.11176e+10
383 1.00807e+10
384 9.61672e+09
385 1.03132e+10
386 9.73767e+09
387 1.0439e+10
388 9.82911e+09
389 9.79644e+09
390 9.6506e+09
391 9.86917e+09
392 9.57171e+09
393 9.88822e+09
394 9.54413e+09
395 9.23343e+09
396 9.40766e+09
397 9.10793e+09
398 9.13718e+09
399 9.64405e+09
400 9.16565e+09
401 9.40003e+09
402 8.86968e+09
403 9.56965e+09
404 9.69042e+09
405 9.17237e+09
406 8.89258e+09
407 8.8364e+09
408 8.62713e+09
409 9.06341e+09
410 8.96517e+09
411 8.88023e+09
412 8.91073e+09
413 8.81764e+09
414 8.58743e+09
415 8.5851e+09
416 8.53687e+09
417 8.77277e+09
418 8.73895e+09
419 8.63104e+09
420 8.43285e+09
421 8.57781e+09
422 8.17922e+09
423 8.34306e+09
424 8.15884e+09
425 8.52275e+09
426 8.00581e+09
427 7.94189e+09
428 8.21615e+09
429 7.84452e+09
430 8.03375e+09
431 8.02574e+09
432 7.5089e+09
433 7.96735e+09
434 7.70487e+09
435 8.19773e+09
436 7.66627e+09
437 7.56498e+09
438 7.89842e+09
439 7.52798e+09
440 7.37609e+09
441 7.66633e+09
442 7.68794e+09
443 7.38825e+09
444 7.85115e+09
445 7.03627e+09
446 7.62213e+09
447 7.30812e+09
448 7.30567e+09
449 7.28749e+09
450 7.3541e+09
451 7.15314e+09
452 6.99577e+09
453 7.04102e+09
454 7.34337e+09
455 7.27353e+09
456 7.06327e+09
457 7.11402e+09
458 7.00064e+09
459 6.5734e+09
460 6.76287e+09
461 6.90137e+09
462 6.87339e+09
463 6.50482e+09
464 7.00167e+09
465 6.53756e+09
466 6.47111e+09
467 6.70166e+09
468 6.48366e+09
469 6.40107e+09
470 6.56746e+09
471 6.56633e+09
472 6.48362e+09
473 6.22243e+09
474 6.06647e+09
475 6.48453e+09
476 6.13129e+09
477 6.22103e+09
478 6.27697e+09
479 5.88615e+09
480 6.32387e+09
481 6.0779e+09
482 6.22601e+09
483 6.10449e+09
484 5.90733e+09
485 6.26157e+09
486 6.1565e+09
487 5.85384e+09
488 5.97087e+09
489 5.65883e+09
490 5.86087e+09
491 6.00101e+09
492 5.79803e+09
493 5.85967e+09
494 5.70402e+09
495 5.68805e+09
496 5.78131e+09
497 5.94984e+09
498 5.66817e+09
499 5.59739e+09
500 5.6629e+09
501 5.79525e+09
502 5.35549e+09
503 5.25078e+09
504 5.52476e+09
505 5.3774e+09
506 5.49918e+09
507 5.35584e+09
508 5.36469e+09
509 5.47969e+09
510 5.37191e+09
511 5.02373e+09
512 5.49179e+09
513 5.15087e+09
514 5.0221e+09
515 5.27416e+09
516 5.19494e+09
517 5.14325e+09
518 5.03127e+09
519 4.95189e+09
520 4.94921e+09
521 5.0925e+09
522 5.06566e+09
523 5.01466e+09
524 4.94676e+09
525 4.7992e+09
526 4.84876e+09
527 4.9322e+09
528 4.85379e+09
529 4.82571e+09
530 4.86094e+09
531 4.81291e+09
532 4.80024e+09
533 4.43522e+09
534 4.64535e+09
535 4.55019e+09
536 4.7789e+09
537 4.6456e+09
538 4.61376e+09
539 4.49328e+09
540 4.50926e+09
541 4.43852e+09
542 4.27166e+09
543 4.67841e+09
544 4.40163e+09
545 4.59289e+09
546 4.28236e+09
547 4.30708e+09
548 4.45148e+09
549 4.35815e+09
550 4.15294e+09
551 4.29928e+09
552 4.39895e+09
553 4.26005e+09
554 4.2235e+09
555 4.44683e+09
556 4.0181e+09
557 4.40706e+09
558 4.15522e+09
559 3.89644e+09
560 4.03349e+09
561 4.22547e+09
562 4.11808e+09
563 4.10403e+09
564 3.91638e+09
565 3.90817e+09
566 3.97727e+09
567 3.94522e+09
568 3.93935e+09
569 3.99755e+09
570 3.86448e+09
571 4.0356e+09
572 3.82436e+09
573 3.73434e+09
574 3.74966e+09
575 3.78069e+09
576 3.75427e+09
577 3.6211e+09
578 3.7343e+09
579 3.63777e+09
580 3.63892e+09
581 3.65774e+09
582 3.59587e+09
583 3.58377e+09
584 3.64252e+09
585 3.64208e+09
586 3.65026e+09
587 3.69586e+09
588 3.49561e+09
589 3.59992e+09
590 3.58644e+09
591 3.4806e+09
592 3.50971e+09
593 3.31356e+09
594 3.50506e+09
595 3.44341e+09
596 3.48199e+09
597 3.42808e+09
598 3.37251e+09
599 3.50221e+09
600 3.35762e+09
601 3.29789e+09
602 3.37213e+09
603 3.31329e+09
604 3.44356e+09
605 3.19616e+09
606 3.231e+09
607 3.25976e+09
608 3.23096e+09
609 3.12536e+09
610 3.21581e+09
611 3.27901e+09
612 3.20628e+09
613 3.04897e+09
614 3.17413e+09
615 3.16942e+09
616 3.08314e+09
617 3.14615e+09
618 3.13901e+09
619 3.01901e+09
620 2.9978e+09
621 2.94952e+09
622 2.96603e+09
623 2.94163e+09
624 3.01898e+09
625 2.99544e+09
626 2.99472e+09
627 2.97435e+09
628 2.89851e+09
629 2.9669e+09
630 2.83068e+09
631 2.93118e+09
632 2.87761e+09
633 2.8536e+09
634 2.83791e+09
635 2.8084e+09
636 2.89744e+09
637 2.87362e+09
638 2.75186e+09
639 2.71575e+09
640 2.69427e+09
641 2.75223e+09
642 2.7674e+09
643 2.70985e+09
644 2.66796e+09
645 2.66102e+09
646 2.71349e+09
647 2.61979e+09
648 2.58999e+09
649 2.68604e+09
650 2.59935e+09
651 2.55915e+09
652 2.53578e+09
653 2.57755e+09
654 2.56665e+09
655 2.57495e+09
656 2.62895e+09
657 2.534e+09
658 2.41455e+09
659 2.51996e+09
660 2.4054e+09
661 2.51412e+09
662 2.47295e+09
663 2.61411e+09
664 2.38107e+09
665 2.43327e+09
666 2.48285e+09
667 2.43862e+09
668 2.42258e+09
669 2.36235e+09
670 2.30434e+09
671 2.37431e+09
672 2.44367e+09
673 2.45204e+09
674 2.32439e+09
675 2.39075e+09
676 2.29464e+09
677 2.24813e+09
678 2.336e+09
679 2.31861e+09
680 2.30179e+09
681 2.16754e+09
682 2.23991e+09
683 2.18591e+09
684 2.12742e+09
685 2.25982e+09
686 2.17101e+09
687 2.17783e+09
688 2.17076e+09
689 2.25309e+09
690 2.20919e+09
691 2.22717e+09
692 2.07565e+09
693 2.12805e+09
694 2.08746e+09
695 2.07248e+09
696 2.14822e+09
697 2.06472e+09
698 2.0568e+09
699 2.06081e+09
700 2.03293e+09
701 2.11031e+09
702 2.02688e+09
703 1.99289e+09
704 2.11249e+09
705 2.05869e+09
706 1.94229e+09
707 1.96614e+09
708 2.01715e+09
709 1.92328e+09
710 1.97202e+09
711 1.90393e+09
712 1.99273e+09
713 2.01472e+09
714 2.01549e+09
715 1.91261e+09
716 1.95206e+09
717 1.82825e+09
718 1.84147e+09
719 1.8525e+09
720 1.8793e+09
721 1.88412e+09
722 1.83186e+09
723 1.82513e+09
724 1.84867e+09
725 1.84586e+09
726 1.82405e+09
727 1.84283e+09
728 1.75679e+09
729 1.81475e+09
730 1.82934e+09
731 1.75569e+09
732 1.72159e+09
733 1.78533e+09
734 1.74514e+09
735 1.7595e+09
736 1.78372e+09
737 1.7345e+09
738 1.72676e+09
739 1.68089e+09
740 1.75711e+09
741 1.74239e+09
742 1.68786e+09
743 1.73731e+09
744 1.71253e+09
745 1.66301e+09
746 1.67561e+09
747 1.64161e+09
748 1.65993e+09
749 1.61674e+09
750 1.62766e+09
751 1.60709e+09
752 1.60627e+09
753 1.59487e+09
754 1.63801e+09
755 1.56389e+09
756 1.57477e+09
757 1.5729e+09
758 1.56162e+09
759 1.64364e+09
760 1.60401e+09
761 1.53822e+09
762 1.50284e+09
763 1.56218e+09
764 1.55582e+09
765 1.55425e+09
766 1.55101e+09
767 1.53975e+09
768 1.52859e+09
769 1.50189e+09
770 1.53144e+09
771 1.49436e+09
772 1.52222e+09
773 1.46967e+09
774 1.4895e+09
775 1.43826e+09
776 1.4668e+09
777 1.441e+09
778 1.4324e+09
779 1.46043e+09
780 1.41135e+09
781 1.45283e+09
782 1.40497e+09
783 1.44484e+09
784 1.41346e+09
785 1.46749e+09
786 1.36652e+09
787 1.44562e+09
788 1.34697e+09
789 1.37005e+09
790 1.4347e+09
791 1.44998e+09
792 1.40164e+09
793 1.34611e+09
794 1.41049e+09
795 1.38556e+09
796 1.34026e+09
797 1.36231e+09
798 1.33905e+09
799 1.33657e+09
800 1.375e+09
801 1.29718e+09
802 1.35534e+09
803 1.3556e+09
804 1.31807e+09
805 1.29185e+09
806 1.30168e+09
807 1.26122e+09
808 1.28458e+09
809 1.24864e+09
810 1.23603e+09
811 1.30837e+09
812 1.29215e+09
813 1.23707e+09
814 1.24501e+09
815 1.25631e+09
816 1.2729e+09
817 1.25441e+09
818 1.22781e+09
819 1.21342e+09
820 1.24354e+09
821 1.22213e+09
822 1.21127e+09
823 1.21452e+09
824 1.18542e+09
825 1.1874e+09
826 1.1785e+09
827 1.19272e+09
828 1.19071e+09
829 1.2019e+09
830 1.17177e+09
831 1.18555e+09
832 1.15758e+09
833 1.19165e+09
834 1.13794e+09
835 1.15306e+09
836 1.15285e+09
837 1.15945e+09
838 1.13982e+09
839 1.20412e+09
840 1.1419e+09
841 1.15253e+09
842 1.16308e+09
843 1.12925e+09
844 1.15778e+09
845 1.14624e+09
846 1.12989e+09
847 1.10533e+09
848 1.18144e+09
849 1.092e+09
850 1.12195e+09
851 1.11479e+09
852 1.09975e+09
853 1.10601e+09
854 1.08135e+09
855 1.08655e+09
856 1.10904e+09
857 1.0989e+09
858 1.0705e+09
859 1.08305e+09
860 1.00934e+09
861 1.05591e+09
862 1.02595e+09
863 1.05132e+09
864 1.02954e+09
865 1.04018e+09
866 1.0869e+09
867 1.01336e+09
868 1.00977e+09
869 1.061e+09
870 1.04928e+09
871 1.00434e+09
872 1.01279e+09
873 1.01458e+09
874 9.93212e+08
875 1.00943e+09
876 9.87726e+08
877 1.01761e+09
878 1.01358e+09
879 1.00497e+09
880 9.9187e+08
881 1.04233e+09
882 9.95314e+08
883 9.4298e+08
884 9.74632e+08
885 9.8205e+08
886 9.80112e+08
887 9.59132e+08
888 9.6632e+08
889 9.89901e+08
890 9.58206e+08
891 9.72781e+08
892 9.43041e+08
893 9.40969e+08
894 9.40339e+08
895 9.37764e+08
896 9.45647e+08
897 9.71833e+08
898 9.47246e+08
899 9.58398e+08
900 9.14495e+08
901 9.46082e+08
902 9.26829e+08
903 9.16233e+08
904 9.23412e+08
905 9.20085e+08
906 9.04896e+08
907 9.29153e+08
908 8.85599e+08
909 9.19832e+08
910 8.98263e+08
911 9.06132e+08
912 9.05999e+08
913 9.24315e+08
914 8.82295e+08
915 8.86149e+08
916 9.30591e+08
917 8.79482e+08
918 8.71149e+08
919 9.046e+08
920 9.06119e+08
921 8.58031e+08
922 8.78684e+08
923 8.79269e+08
924 8.75584e+08
925 8.47997e+08
926 8.67657e+08
927 8.5774e+08
928 8.64567e+08
929 8.61397e+08
930 8.54257e+08
931 8.79128e+08
932 8.62682e+08
933 8.56469e+08
934 8.79621e+08
935 8.33396e+08
936 8.64974e+08
937 8.34659e+08
938 8.29736e+08
939 8.37619e+08
940 8.65628e+08
941 8.25119e+08
942 8.51981e+08
943 8.23419e+08
944 8.30964e+08
945 8.20042e+08
946 8.17224e+08
947 8.22094e+08
948 8.22619e+08
949 8.08612e+08
950 8.55456e+08
951 8.39114e+08
952 8.06239e+08
953 8.08458e+08
954 7.88402e+08
955 8.10992e+08
956 8.13942e+08
957 7.88569e+08
958 7.88623e+08
959 7.98758e+08
960 8.10482e+08
961 8.10918e+08
962 8.16163e+08
963 7.97293e+08
964 8.01799e+08
965 7.93668e+08
966 7.80785e+08
967 7.93868e+08
968 7.85973e+08
969 7.97519e+08
970 7.80135e+08
971 7.97841e+08
972 7.73112e+08
973 7.7134e+08
974 7.77563e+08
975 7.74148e+08
976 7.62767e+08
977 7.66526e+08
978 7.52629e+08
979 7.72401e+08
980 7.92256e+08
981 8.03306e+08
982 7.82734e+08
983 7.92663e+08
984 7.47622e+08
985 7.61134e+08
986 7.56402e+08
987 7.41199e+08
988 7.62871e+08
989 7.70441e+08
990 7.61474e+08
991 7.56804e+08
992 7.50206e+08
993 7.54971e+08
994 7.80255e+08
995 7.72225e+08
996 7.17887e+08
997 7.58369e+08
998 7.63539e+08
999 7.20142e+08
1000 7.41108e+08
1001 7.24567e+08
1002 7.36347e+08
1003 7.26263e+08
1004 7.36816e+08
1005 7.28541e+08
1006 7.33498e+08
1007 7.45293e+08
1008 7.23179e+08
1009 7.39072e+08
1010 7.20544e+08
1011 7.21643e+08
1012 7.28948e+08
1013 7.28564e+08
1014 7.08052e+08
1015 7.19691e+08
1016 7.44601e+08
1017 7.2108e+08
1018 6.98345e+08
1019 7.33321e+08
1020 7.18831e+08
1021 7.16527e+08
1022 7.16051e+08
1023 7.31188e+08
1024 7.21959e+08
