# input_file=p1_2_2.tif
# Nx=2048
# Ny=2048
0 2.84031e+17
1 1.0962e+13
2 6.82467e+12
3 8.84121e+12
4 8.03663e+12
5 8.10144e+12
6 3.02716e+12
7 4.92795e+12
8 2.89893e+12
9 1.93659e+12
10 2.23138e+12
11 2.43276e+12
12 1.96909e+12
13 1.30668e+12
14 1.28058e+12
15 1.51437e+12
16 1.02426e+12
17 7.8906e+11
18 1.00431e+12
19 1.08088e+12
20 7.88994e+11
21 7.43192e+11
22 6.4293e+11
23 6.24678e+11
24 7.3976e+11
25 5.60057e+11
26 5.58414e+11
27 6.02736e+11
28 5.28501e+11
29 5.78366e+11
30 5.00064e+11
31 4.1256e+11
32 4.5269e+11
33 3.41381e+11
34 4.86425e+11
35 3.82556e+11
36 3.47311e+11
37 3.16829e+11
38 3.80993e+11
39 3.29889e+11
40 2.9061e+11
41 2.98739e+11
42 2.87673e+11
43 2.57751e+11
44 2.41925e+11
45 2.72703e+11
46 2.88123e+11
47 2.52085e+11
48 2.67184e+11
49 2.34957e+11
50 2.31384e+11
51 1.92063e+11
52 2.40244e+11
53 2.16137e+11
54 2.51227e+11
55 2.23174e+11
56 2.08198e+11
57 2.07176e+11
58 2.21942e+11
59 1.98652e+11
60 1.94223e+11
61 1.86574e+11
62 1.92654e+11
63 1.71754e+11
64 1.98288e+11
65 1.88214e+11
66 1.70063e+11
67 1.64736e+11
68 1.67233e+11
69 1.34769e+11
70 1.5879e+11
71 1.53032e+11
72 1.60306e+11
73 1.50023e+11
74 1.50015e+11
75 1.60126e+11
76 1.493e+11
77 1.30357e+11
78 1.31346e+11
79 1.37709e+11
80 1.49906e+11
81 1.44884e+11
82 1.3191e+11
83 1.26252e+11
84 1.31139e+11
85 1.27219e+11
86 1.13568e+11
87 1.14072e+11
88 1.35783e+11
89 1.06277e+11
90 1.20598e+11
91 1.07134e+11
92 1.1374e+11
93 1.05008e+11
94 9.85781e+10
95 1.09366e+11
96 8.94838e+10
97 9.38548e+10
98 1.01547e+11
99 9.4489e+10
100 1.05676e+11
101 9.79484e+10
102 1.0172e+11
103 1.0337e+11
104 9.7093e+10
105 9.71963e+10
106 9.19259e+10
107 9.49443e+10
108 8.97079e+10
109 9.74124e+10
110 8.17423e+10
111 8.36746e+10
112 7.94806e+10
113 8.84373e+10
114 8.0375e+10
115 7.59158e+10
116 8.19197e+10
117 8.09782e+10
118 8.48536e+10
119 7.4146e+10
120 7.35086e+10
121 7.27222e+10
122 8.21877e+10
123 7.52411e+10
124 7.17075e+10
125 6.73706e+10
126 6.78533e+10
127 6.83314e+10
128 6.4244e+10
129 6.57545e+10
130 7.17361e+10
131 6.93798e+10
132 6.89546e+10
133 6.31199e+10
134 6.02722e+10
135 6.22705e+10
136 5.32394e+10
137 6.19025e+10
138 5.70966e+10
139 5.77168e+10
140 6.39056e+10
141 6.01052e+10
142 5.65174e+10
143 5.36907e+10
144 5.6481e+10
145 5.31788e+10
146 5.25303e+10
147 5.37822e+10
148 5.56907e+10
149 5.48516e+10
150 5.13495e+10
151 5.49092e+10
152 5.02319e+10
153 5.1246e+10
154 4.86981e+10
155 4.88163e+10
156 4.66117e+10
157 5.09341e+10
158 5.11038e+10
159 5.0747e+10
160 4.51195e+10
161 4.78301e+10
162 4.56456e+10
163 4.66303e+10
164 4.80964e+10
165 4.67026e+10
166 4.37553e+10
167 4.42521e+10
168 4.2602e+10
169 4.10494e+10
170 4.5085e+10
171 4.32762e+10
172 4.09592e+10
173 4.38407e+10
174 4.12945e+10
175 4.33466e+10
176 3.92834e+10
177 4.02584e+10
178 3.66713e+10
179 4.16349e+10
180 3.91548e+10
181 3.89882e+10
182 3.95048e+10
183 3.6921e+10
184 3.77046e+10
185 3.57513e+10
186 3.41834e+10
187 3.73068e+10
188 3.63613e+10
189 3.63786e+10
190 3.23581e+10
191 3.57008e+10
192 3.55143e+10
193 3.48205e+10
194 3.4031e+10
195 3.37577e+10
196 3.60897e+10
197 3.4741e+10
198 3.49459e+10
199 3.37294e+10
200 3.47319e+10
201 3.31026e+10
202 3.13598e+10
203 3.53914e+10
204 3.06596e+10
205 3.61596e+10
206 3.19481e+10
207 3.19159e+10
208 3.32312e+10
209 2.96488e+10
210 3.04906e+10
211 3.03128e+10
212 3.10235e+10
213 3.00652e+10
214 3.09843e+10
215 2.83922e+10
216 2.91276e+10
217 2.94059e+10
218 3.18436e+10
219 2.83658e+10
220 2.98689e+10
221 2.78302e+10
222 2.93257e+10
223 2.74851e+10
224 2.80958e+10
225 2.90801e+10
226 2.6119e+10
227 2.69108e+10
228 2.72048e+10
229 2.69866e+10
230 2.64882e+10
231 2.68654e+10
232 2.7131e+10
233 2.74829e+10
234 2.77125e+10
235 2.7289e+10
236 2.63087e+10
237 2.42577e+10
238 2.61446e+10
239 2.66878e+10
240 2.60744e+10
241 2.60129e+10
242 2.5993e+10
243 2.43271e+10
244 2.48041e+10
245 2.53826e+10
246 2.40006e+10
247 2.46156e+10
248 2.59834e+10
249 2.59231e+10
250 2.44563e+10
251 2.47787e+10
252 2.26258e+10
253 2.33278e+10
254 2.37289e+10
255 2.36832e+10
256 2.43902e+10
257 2.2565e+10
258 2.25568e+10
259 2.21426e+10
260 2.26909e+10
261 2.26017e+10
262 2.27382e+10
263 2.31706e+10
264 2.36202e+10
265 2.23811e+10
266 2.24906e+10
267 2.22773e+10
268 2.11185e+10
269 2.00293e+10
270 2.14289e+10
271 2.05004e+10
272 2.15058e+10
273 2.21238e+10
274 2.07768e+10
275 1.963e+10
276 2.07703e+10
277 2.12997e+10
278 1.97808e+10
279 2.0138e+10
280 2.00592e+10
281 1.98322e+10
282 2.02602e+10
283 1.90407e+10
284 1.97804e+10
285 1.97578e+10
286 2.0111e+10
287 1.93507e+10
288 2.06875e+10
289 1.96826e+10
290 1.94218e+10
291 1.98895e+10
292 1.95092e+10
293 1.93297e+10
294 1.82789e+10
295 1.84569e+10
296 1.79485e+10
297 1.85973e+10
298 1.76474e+10
299 1.72889e+10
300 1.70795e+10
301 1.70155e+10
302 1.79574e+10
303 1.68654e+10
304 1.77512e+10
305 1.87447e+10
306 1.81718e+10
307 1.81195e+10
308 1.77748e+10
309 1.78906e+10
310 1.75223e+10
311 1.69477e+10
312 1.79184e+10
313 1.75119e+10
314 1.68981e+10
315 1.64983e+10
316 1.65467e+10
317 1.59956e+10
318 1.6374e+10
319 1.64312e+10
320 1.67387e+10
321 1.66676e+10
322 1.58496e+10
323 1.58752e+10
324 1.5774e+10
325 1.62564e+10
326 1.6202e+10
327 1.63966e+10
328 1.62505e+10
329 1.542e+10
330 1.52111e+10
331 1.55667e+10
332 1.52868e+10
333 1.4804e+10
334 1.52788e+10
335 1.5308e+10
336 1.47628e+10
337 1.46558e+10
338 1.47385e+10
339 1.42548e+10
340 1.40405e+10
341 1.45076e+10
342 1.41778e+10
343 1.38738e+10
344 1.47e+10
345 1.39541e+10
346 1.36156e+10
347 1.44431e+10
348 1.37819e+10
349 1.39541e+10
350 1.42407e+10
351 1.4313e+10
352 1.40514e+10
353 1.35928e+10
354 1.34301e+10
355 1.41701e+10
356 1.31889e+10
357 1.3266e+10
358 1.3792e+10
359 1.31079e+10
360 1.31667e+10
361 1.22532e+10
362 1.29631e+10
363 1.28082e+10
364 1.36227e+10
365 1.26459e+10
366 1.23497e+10
367 1.24148e+10
368 1.2813e+10
369 1.26871e+10
370 1.24391e+10
371 1.24581e+10
372 1.22845e+10
373 1.28533e+10
374 1.19131e+10
375 1.23995e+10
376 1.16447e+10
377 1.21084e+10
378 1.14144e+10
379 1.21101e+10
380 1.19239e+10
381 1.09314e+10
382 1.17659e+10
383 1.20669e+10
384 1.10499e+10
385 1.1616e+10
386 1.09665e+10
387 1.14402e+10
388 1.12336e+10
389 1.06626e+10
390 1.19425e+10
391 1.12955e+10
392 1.12348e+10
393 1.06721e+10
394 1.10025e+10
395 1.05519e+10
396 1.10424e+10
397 9.99363e+09
398 1.06333e+10
399 1.1072e+10
400 1.08374e+10
401 1.03038e+10
402 1.03256e+10
403 1.0571e+10
404 1.04956e+10
405 1.01699e+10
406 1.00851e+10
407 1.01181e+10
408 1.00764e+10
409 1.03785e+10
410 1.01997e+10
411 9.59694e+09
412 9.82847e+09
413 9.77284e+09
414 9.60172e+09
415 9.66309e+09
416 9.65091e+09
417 9.77763e+09
418 9.6701e+09
419 9.74552e+09
420 9.15286e+09
421 9.38959e+09
422 9.47362e+09
423 9.31782e+09
424 9.23122e+09
425 9.2386e+09
426 8.90648e+09
427 9.15506e+09
428 8.98839e+09
429 9.51403e+09
430 8.70455e+09
431 8.92517e+09
432 8.92557e+09
433 8.75931e+09
434 8.75059e+09
435 8.67292e+09
436 8.52137e+09
437 8.5821e+09
438 8.42531e+09
439 8.64284e+09
440 8.49243e+09
441 8.27712e+09
442 8.83313e+09
443 8.15006e+09
444 8.58679e+09
445 8.33258e+09
446 8.26736e+09
447 8.23066e+09
448 8.17564e+09
449 8.23177e+09
450 7.99485e+09
451 8.39057e+09
452 8.11954e+09
453 7.71972e+09
454 7.79562e+09
455 7.50618e+09
456 7.9299e+09
457 7.54157e+09
458 7.47432e+09
459 7.89257e+09
460 7.49653e+09
461 7.48714e+09
462 7.39374e+09
463 7.71837e+09
464 7.81437e+09
465 7.76019e+09
466 7.63302e+09
467 7.60566e+09
468 7.21663e+09
469 6.91117e+09
470 7.16386e+09
471 7.21054e+09
472 7.31363e+09
473 7.41856e+09
474 6.95043e+09
475 6.71868e+09
476 7.13137e+09
477 7.2744e+09
478 7.10164e+09
479 6.91541e+09
480 6.88185e+09
481 7.18008e+09
482 7.06335e+09
483 6.80963e+09
484 6.76078e+09
485 6.40252e+09
486 6.72724e+09
487 6.73046e+09
488 6.84462e+09
489 6.49888e+09
490 6.63017e+09
491 6.6503e+09
492 6.48594e+09
493 6.50972e+09
494 6.61245e+09
495 6.52066e+09
496 6.1273e+09
497 6.48397e+09
498 6.57079e+09
499 6.07474e+09
500 6.31442e+09
501 5.99154e+09
502 6.10213e+09
503 6.16157e+09
504 5.99524e+09
505 6.11334e+09
506 6.3155e+09
507 6.06166e+09
508 6.16501e+09
509 6.05565e+09
510 5.98623e+09
511 5.7169e+09
512 5.86232e+09
513 5.82753e+09
514 5.73503e+09
515 5.56726e+09
516 5.73671e+09
517 5.43444e+09
518 5.6556e+09
519 5.67434e+09
520 5.5683e+09
521 5.61026e+09
522 5.47323e+09
523 5.46795e+09
524 5.59004e+09
525 5.55801e+09
526 5.31603e+09
527 5.4846e+09
528 5.51204e+09
529 5.29425e+09
530 5.25567e+09
531 5.21017e+09
532 5.26475e+09
533 5.11636e+09
534 5.05809e+09
535 5.23463e+09
536 5.06136e+09
537 5.21298e+09
538 5.02484e+09
539 5.09239e+09
540 4.98875e+09
541 4.90558e+09
542 4.8679e+09
543 5.10374e+09
544 4.90338e+09
545 4.90354e+09
546 4.68813e+09
547 5.04264e+09
548 4.95179e+09
549 4.8521e+09
550 4.7961e+09
551 4.73326e+09
552 4.77701e+09
553 4.77011e+09
554 4.60984e+09
555 4.83293e+09
556 4.72376e+09
557 4.64205e+09
558 4.80594e+09
559 4.50165e+09
560 4.65412e+09
561 4.48806e+09
562 4.33058e+09
563 4.59702e+09
564 4.34459e+09
565 4.35597e+09
566 4.56463e+09
567 4.54543e+09
568 4.40497e+09
569 4.44888e+09
570 4.31974e+09
571 4.35014e+09
572 4.29642e+09
573 4.20707e+09
574 4.20505e+09
575 4.25914e+09
576 4.18475e+09
577 4.25759e+09
578 4.16228e+09
579 4.15724e+09
580 4.04029e+09
581 4.10622e+09
582 3.96523e+09
583 4.03709e+09
584 3.97178e+09
585 3.97207e+09
586 4.07639e+09
587 3.87767e+09
588 3.95907e+09
589 3.83083e+09
590 3.91511e+09
591 3.80067e+09
592 3.97345e+09
593 3.75635e+09
594 3.77353e+09
595 3.75316e+09
596 3.78352e+09
597 3.923e+09
598 3.62607e+09
599 3.88716e+09
600 3.69648e+09
601 3.75544e+09
602 3.51634e+09
603 3.59375e+09
604 3.71614e+09
605 3.55348e+09
606 3.65243e+09
607 3.5313e+09
608 3.66591e+09
609 3.56781e+09
610 3.63013e+09
611 3.54715e+09
612 3.65618e+09
613 3.49469e+09
614 3.62299e+09
615 3.49521e+09
616 3.43959e+09
617 3.27113e+09
618 3.44391e+09
619 3.41925e+09
620 3.41401e+09
621 3.39926e+09
622 3.45648e+09
623 3.26256e+09
624 3.33299e+09
625 3.43474e+09
626 3.15798e+09
627 3.27746e+09
628 3.15237e+09
629 3.23127e+09
630 3.23156e+09
631 3.07855e+09
632 3.2357e+09
633 3.025e+09
634 3.05735e+09
635 3.06777e+09
636 3.14857e+09
637 3.00241e+09
638 3.00722e+09
639 3.08455e+09
640 3.01745e+09
641 2.99549e+09
642 3.06045e+09
643 3.11877e+09
644 2.96944e+09
645 2.9896e+09
646 2.99794e+09
647 3.02217e+09
648 2.90496e+09
649 3.0126e+09
650 2.95819e+09
651 2.85824e+09
652 2.94202e+09
653 2.80911e+09
654 2.88523e+09
655 2.7955e+09
656 2.81302e+09
657 2.92089e+09
658 2.71164e+09
659 2.78124e+09
660 2.74116e+09
661 2.74145e+09
662 2.7588e+09
663 2.72424e+09
664 2.77252e+09
665 2.61527e+09
666 2.85547e+09
667 2.75753e+09
668 2.58685e+09
669 2.65399e+09
670 2.60403e+09
671 2.66321e+09
672 2.55951e+09
673 2.54888e+09
674 2.62356e+09
675 2.57559e+09
676 2.5754e+09
677 2.54073e+09
678 2.4944e+09
679 2.64498e+09
680 2.52689e+09
681 2.42702e+09
682 2.47445e+09
683 2.43116e+09
684 2.41518e+09
685 2.48616e+09
686 2.51963e+09
687 2.47319e+09
688 2.43358e+09
689 2.49736e+09
690 2.35245e+09
691 2.35855e+09
692 2.31907e+09
693 2.34088e+09
694 2.30627e+09
695 2.35086e+09
696 2.37578e+09
697 2.23619e+09
698 2.22418e+09
699 2.25886e+09
700 2.25733e+09
701 2.25664e+09
702 2.27553e+09
703 2.2641e+09
704 2.3745e+09
705 2.19432e+09
706 2.24096e+09
707 2.17176e+09
708 2.22281e+09
709 2.15882e+09
710 2.19708e+09
711 2.23209e+09
712 2.09723e+09
713 2.1715e+09
714 2.04847e+09
715 2.07579e+09
716 2.12431e+09
717 2.11761e+09
718 2.05181e+09
719 2.08067e+09
720 2.10911e+09
721 2.14294e+09
722 2.06339e+09
723 2.01784e+09
724 2.1204e+09
725 1.99465e+09
726 1.96621e+09
727 1.97627e+09
728 2.03136e+09
729 2.0843e+09
730 2.01288e+09
731 2.0128e+09
732 1.9312e+09
733 1.90002e+09
734 1.92784e+09
735 1.96223e+09
736 2.02304e+09
737 1.85533e+09
738 1.95205e+09
739 1.8891e+09
740 1.95308e+09
741 1.80837e+09
742 1.8515e+09
743 1.87252e+09
744 1.84082e+09
745 1.83851e+09
746 1.91219e+09
747 1.82209e+09
748 1.86144e+09
749 1.74554e+09
750 1.88826e+09
751 1.80352e+09
752 1.82715e+09
753 1.79134e+09
754 1.84064e+09
755 1.81463e+09
756 1.74233e+09
757 1.79104e+09
758 1.82828e+09
759 1.72811e+09
760 1.70473e+09
761 1.68118e+09
762 1.74573e+09
763 1.72295e+09
764 1.71249e+09
765 1.69843e+09
766 1.65697e+09
767 1.68899e+09
768 1.71284e+09
769 1.62179e+09
770 1.66175e+09
771 1.64997e+09
772 1.63837e+09
773 1.66177e+09
774 1.66767e+09
775 1.54007e+09
776 1.64016e+09
777 1.62944e+09
778 1.63303e+09
779 1.53803e+09
780 1.55987e+09
781 1.63572e+09
782 1.64116e+09
783 1.54634e+09
784 1.58248e+09
785 1.58082e+09
786 1.51256e+09
787 1.56267e+09
788 1.55117e+09
789 1.55026e+09
790 1.56689e+09
791 1.50663e+09
792 1.54449e+09
793 1.4724e+09
794 1.54322e+09
795 1.49169e+09
796 1.50232e+09
797 1.53698e+09
798 1.47242e+09
799 1.51255e+09
800 1.46748e+09
801 1.47468e+09
802 1.4879e+09
803 1.44777e+09
804 1.45916e+09
805 1.40489e+09
806 1.42678e+09
807 1.47649e+09
808 1.39523e+09
809 1.42075e+09
810 1.40889e+09
811 1.42131e+09
812 1.39536e+09
813 1.38592e+09
814 1.36237e+09
815 1.38922e+09
816 1.36222e+09
817 1.35933e+09
818 1.37249e+09
819 1.3757e+09
820 1.41463e+09
821 1.33167e+09
822 1.33016e+09
823 1.33453e+09
824 1.35493e+09
825 1.31954e+09
826 1.32849e+09
827 1.34084e+09
828 1.34775e+09
829 1.32519e+09
830 1.30264e+09
831 1.31887e+09
832 1.31587e+09
833 1.2536e+09
834 1.29031e+09
835 1.26783e+09
836 1.27994e+09
837 1.29222e+09
838 1.26714e+09
839 1.25595e+09
840 1.23176e+09
841 1.23536e+09
842 1.20478e+09
843 1.22112e+09
844 1.28584e+09
845 1.23542e+09
846 1.2324e+09
847 1.25515e+09
848 1.24518e+09
849 1.19679e+09
850 1.18166e+09
851 1.21979e+09
852 1.24435e+09
853 1.19421e+09
854 1.16543e+09
855 1.20703e+09
856 1.12581e+09
857 1.20648e+09
858 1.20207e+09
859 1.15093e+09
860 1.17975e+09
861 1.16201e+09
862 1.16134e+09
863 1.1997e+09
864 1.16082e+09
865 1.21576e+09
866 1.17455e+09
867 1.1438e+09
868 1.13495e+09
869 1.14803e+09
870 1.14761e+09
871 1.13004e+09
872 1.15504e+09
873 1.10393e+09
874 1.1454e+09
875 1.11322e+09
876 1.09385e+09
877 1.12042e+09
878 1.12092e+09
879 1.1245e+09
880 1.11278e+09
881 1.10419e+09
882 1.07751e+09
883 1.10181e+09
884 1.08996e+09
885 1.11723e+09
886 1.04205e+09
887 1.09305e+09
888 1.10134e+09
889 1.07795e+09
890 1.03528e+09
891 1.10905e+09
892 1.09485e+09
893 1.06162e+09
894 1.04595e+09
895 1.06163e+09
896 1.03764e+09
897 1.01358e+09
898 1.02757e+09
899 1.06912e+09
900 1.05947e+09
901 1.02953e+09
902 1.0227e+09
903 1.01452e+09
904 1.01954e+09
905 1.02336e+09
906 1.02028e+09
907 1.02323e+09
908 1.00388e+09
909 1.00254e+09
910 1.01843e+09
911 1.02054e+09
912 9.92846e+08
913 9.86672e+08
914 9.76122e+08
915 1.01989e+09
916 1.02759e+09
917 9.81362e+08
918 1.01982e+09
919 9.85913e+08
920 9.54015e+08
921 9.60203e+08
922 9.57993e+08
923 9.75615e+08
924 9.56946e+08
925 9.38103e+08
926 9.81164e+08
927 9.51478e+08
928 9.74045e+08
929 9.60991e+08
930 9.54777e+08
931 9.54807e+08
932 9.5947e+08
933 9.67014e+08
934 9.32386e+08
935 9.69813e+08
936 9.46728e+08
937 9.46353e+08
938 9.51297e+08
939 9.33843e+08
940 9.58591e+08
941 8.92547e+08
942 9.39206e+08
943 9.37811e+08
944 9.11311e+08
945 9.2713e+08
946 9.23168e+08
947 9.19815e+08
948 9.49476e+08
949 8.84765e+08
950 9.54757e+08
951 9.34638e+08
952 8.97492e+08
953 8.97313e+08
954 9.22575e+08
955 8.84359e+08
956 8.97026e+08
957 8.92885e+08
958 8.9271e+08
959 8.87113e+08
960 8.81631e+08
961 8.92426e+08
962 8.96388e+08
963 8.58705e+08
964 8.77832e+08
965 8.82413e+08
966 8.7448e+08
967 8.88902e+08
968 8.94846e+08
969 8.73345e+08
970 8.60419e+08
971 8.59435e+08
972 8.54303e+08
973 8.79628e+08
974 8.55351e+08
975 8.57498e+08
976 8.59272e+08
977 8.38184e+08
978 8.65291e+08
979 8.48449e+08
980 8.51565e+08
981 8.41402e+08
982 8.58907e+08
983 8.77032e+08
984 8.56126e+08
985 8.54344e+08
986 8.30904e+08
987 8.55161e+08
988 8.61748e+08
989 8.25291e+08
990 8.55562e+08
991 8.25974e+08
992 8.54353e+08
993 8.24654e+08
994 8.42837e+08
995 8.44453e+08
996 8.23168e+08
997 8.19317e+08
998 8.32025e+08
999 8.42402e+08
1000 8.25494e+08
1001 8.38854e+08
1002 8.176e+08
1003 8.12679e+08
1004 8.02579e+08
1005 8.26891e+08
1006 8.17362e+08
1007 8.26537e+08
1008 8.14178e+08
1009 8.02102e+08
1010 8.01821e+08
1011 8.11218e+08
1012 8.25281e+08
1013 8.06006e+08
1014 8.04217e+08
1015 8.09229e+08
1016 7.87442e+08
1017 8.16565e+08
1018 7.70858e+08
1019 7.92632e+08
1020 8.08465e+08
1021 7.86894e+08
1022 7.52976e+08
1023 8.00505e+08
1024 8.00379e+08
