# input_file=p1_4_0.tif
# Nx=2048
# Ny=2048
0 2.85909e+17
1 1.50411e+13
2 1.17814e+13
3 7.96946e+12
4 5.30258e+12
5 7.04848e+12
6 7.63864e+12
7 5.78e+12
8 4.32722e+12
9 3.50126e+12
10 3.42164e+12
11 2.9252e+12
12 2.27368e+12
13 2.02031e+12
14 1.80716e+12
15 1.49587e+12
16 1.46011e+12
17 1.20276e+12
18 1.18663e+12
19 8.98568e+11
20 9.50433e+11
21 7.68944e+11
22 8.4561e+11
23 9.03618e+11
24 9.53559e+11
25 6.80059e+11
26 6.68295e+11
27 6.25995e+11
28 5.43813e+11
29 4.84571e+11
30 5.91968e+11
31 5.15711e+11
32 4.52498e+11
33 4.54327e+11
34 4.75416e+11
35 4.22133e+11
36 4.33779e+11
37 3.27835e+11
38 3.81335e+11
39 4.08487e+11
40 3.50664e+11
41 3.35037e+11
42 3.05417e+11
43 3.15661e+11
44 2.82453e+11
45 2.86966e+11
46 2.75032e+11
47 2.81781e+11
48 2.99272e+11
49 2.9718e+11
50 2.94703e+11
51 2.56894e+11
52 2.32753e+11
53 2.38975e+11
54 2.52458e+11
55 2.19964e+11
56 2.26921e+11
57 2.10359e+11
58 2.14743e+11
59 2.1738e+11
60 1.90318e+11
61 2.10048e+11
62 2.03692e+11
63 1.67932e+11
64 1.81397e+11
65 1.65052e+11
66 1.64202e+11
67 1.64461e+11
68 1.59169e+11
69 1.44343e+11
70 1.52625e+11
71 1.76721e+11
72 1.47556e+11
73 1.48819e+11
74 1.42212e+11
75 1.43345e+11
76 1.39349e+11
77 1.38998e+11
78 1.29665e+11
79 1.3243e+11
80 1.44035e+11
81 1.37869e+11
82 1.33138e+11
83 1.32417e+11
84 1.3533e+11
85 1.09269e+11
86 1.32227e+11
87 1.08988e+11
88 1.18836e+11
89 1.21204e+11
90 1.0573e+11
91 1.19205e+11
92 1.1756e+11
93 1.08092e+11
94 1.09896e+11
95 1.08585e+11
96 9.94623e+10
97 1.02706e+11
98 1.02622e+11
99 1.06953e+11
100 1.19844e+11
101 9.9979e+10
102 9.10547e+10
103 9.20767e+10
104 8.91474e+10
105 9.60681e+10
106 8.20861e+10
107 9.09819e+10
108 8.68712e+10
109 8.57532e+10
110 8.72845e+10
111 8.39478e+10
112 9.06627e+10
113 7.52553e+10
114 7.49055e+10
115 7.37906e+10
116 7.13496e+10
117 7.22904e+10
118 7.78436e+10
119 6.91814e+10
120 7.19621e+10
121 6.96904e+10
122 6.83405e+10
123 7.10022e+10
124 7.1602e+10
125 6.85695e+10
126 7.12998e+10
127 6.4001e+10
128 6.43006e+10
129 7.09245e+10
130 5.91377e+10
131 5.7557e+10
132 5.90336e+10
133 6.38428e+10
134 5.80432e+10
135 5.82211e+10
136 5.44162e+10
137 5.95208e+10
138 5.20404e+10
139 5.76555e+10
140 5.59581e+10
141 5.47963e+10
142 5.43856e+10
143 5.17173e+10
144 5.36078e+10
145 5.313e+10
146 5.27659e+10
147 5.31739e+10
148 4.74351e+10
149 4.80514e+10
150 4.97986e+10
151 4.76207e+10
152 4.68637e+10
153 4.52806e+10
154 4.56368e+10
155 4.63407e+10
156 5.08687e+10
157 4.20852e+10
158 4.53581e+10
159 4.77386e+10
160 4.40733e+10
161 4.31628e+10
162 4.40263e+10
163 4.13603e+10
164 4.14161e+10
165 4.0545e+10
166 4.40638e+10
167 4.223e+10
168 3.93602e+10
169 4.10793e+10
170 4.20804e+10
171 4.1503e+10
172 3.77434e+10
173 4.00126e+10
174 3.9646e+10
175 3.69784e+10
176 3.73661e+10
177 3.82035e+10
178 3.93069e+10
179 3.50757e+10
180 3.56802e+10
181 3.55998e+10
182 3.68718e+10
183 3.75531e+10
184 3.6215e+10
185 3.67595e+10
186 3.39634e+10
187 3.57472e+10
188 3.15467e+10
189 3.6011e+10
190 3.36278e+10
191 3.33746e+10
192 3.09278e+10
193 3.39217e+10
194 3.27204e+10
195 3.15473e+10
196 3.29578e+10
197 3.27809e+10
198 3.01364e+10
199 3.18777e+10
200 3.09704e+10
201 2.94973e+10
202 3.13557e+10
203 3.39068e+10
204 3.37811e+10
205 2.97786e+10
206 3.00048e+10
207 3.06314e+10
208 2.87397e+10
209 2.79176e+10
210 2.80236e+10
211 2.7614e+10
212 2.74978e+10
213 3.02384e+10
214 2.81686e+10
215 2.74535e+10
216 2.82169e+10
217 2.91904e+10
218 2.45878e+10
219 2.62316e+10
220 2.61558e+10
221 2.69733e+10
222 2.62765e+10
223 2.76981e+10
224 2.75476e+10
225 2.81594e+10
226 2.62472e+10
227 2.63902e+10
228 2.48809e+10
229 2.51629e+10
230 2.46085e+10
231 2.6253e+10
232 2.34146e+10
233 2.47508e+10
234 2.51252e+10
235 2.45949e+10
236 2.60017e+10
237 2.43034e+10
238 2.35056e+10
239 2.26202e+10
240 2.51308e+10
241 2.27105e+10
242 2.27291e+10
243 2.22573e+10
244 2.34319e+10
245 2.26635e+10
246 2.30608e+10
247 2.35531e+10
248 2.22893e+10
249 2.30779e+10
250 2.27168e+10
251 2.08195e+10
252 2.28648e+10
253 2.28427e+10
254 2.15961e+10
255 2.09821e+10
256 2.1436e+10
257 2.18514e+10
258 2.1642e+10
259 2.19894e+10
260 2.18878e+10
261 2.03095e+10
262 2.00672e+10
263 2.02268e+10
264 2.14063e+10
265 2.18566e+10
266 2.21133e+10
267 2.10007e+10
268 2.07206e+10
269 1.95344e+10
270 2.00618e+10
271 1.90031e+10
272 2.04709e+10
273 2.00413e+10
274 1.99427e+10
275 2.04196e+10
276 1.92381e+10
277 1.84311e+10
278 1.86629e+10
279 1.83543e+10
280 1.80228e+10
281 1.88497e+10
282 1.99254e+10
283 1.76632e+10
284 1.84662e+10
285 1.78849e+10
286 1.72937e+10
287 1.69609e+10
288 1.70032e+10
289 1.79157e+10
290 1.80717e+10
291 1.69102e+10
292 1.7423e+10
293 1.72546e+10
294 1.7417e+10
295 1.71005e+10
296 1.7623e+10
297 1.67834e+10
298 1.67013e+10
299 1.70666e+10
300 1.70148e+10
301 1.79554e+10
302 1.54449e+10
303 1.63471e+10
304 1.64577e+10
305 1.64961e+10
306 1.63746e+10
307 1.57801e+10
308 1.56382e+10
309 1.64026e+10
310 1.60877e+10
311 1.56454e+10
312 1.5755e+10
313 1.61061e+10
314 1.49937e+10
315 1.5095e+10
316 1.4881e+10
317 1.43688e+10
318 1.44919e+10
319 1.51474e+10
320 1.45756e+10
321 1.43976e+10
322 1.4535e+10
323 1.52261e+10
324 1.42696e+10
325 1.49257e+10
326 1.4598e+10
327 1.43446e+10
328 1.38974e+10
329 1.44097e+10
330 1.48454e+10
331 1.40709e+10
332 1.43599e+10
333 1.35702e+10
334 1.42979e+10
335 1.44895e+10
336 1.39661e+10
337 1.36162e+10
338 1.36822e+10
339 1.41246e+10
340 1.37282e+10
341 1.33829e+10
342 1.36447e+10
343 1.29448e+10
344 1.33641e+10
345 1.28862e+10
346 1.30867e+10
347 1.33027e+10
348 1.23081e+10
349 1.31701e+10
350 1.30073e+10
351 1.26676e+10
352 1.3222e+10
353 1.31087e+10
354 1.20128e+10
355 1.21941e+10
356 1.17366e+10
357 1.33707e+10
358 1.29334e+10
359 1.24191e+10
360 1.22927e+10
361 1.22716e+10
362 1.26641e+10
363 1.21734e+10
364 1.14003e+10
365 1.24315e+10
366 1.20451e+10
367 1.17064e+10
368 1.16657e+10
369 1.14869e+10
370 1.18053e+10
371 1.13474e+10
372 1.18598e+10
373 1.08902e+10
374 1.22057e+10
375 1.07444e+10
376 1.08473e+10
377 1.10655e+10
378 1.10015e+10
379 1.1414e+10
380 1.04997e+10
381 1.00789e+10
382 1.09161e+10
383 1.06059e+10
384 1.1179e+10
385 1.03671e+10
386 1.03105e+10
387 1.06172e+10
388 1.0316e+10
389 1.0285e+10
390 1.00777e+10
391 1.04912e+10
392 1.05647e+10
393 9.9297e+09
394 1.02563e+10
395 1.0248e+10
396 9.92483e+09
397 9.82271e+09
398 9.76318e+09
399 9.93352e+09
400 9.8624e+09
401 9.35969e+09
402 9.69271e+09
403 9.28931e+09
404 9.53435e+09
405 9.36528e+09
406 9.89498e+09
407 9.63171e+09
408 9.3252e+09
409 9.20605e+09
410 8.92455e+09
411 9.2042e+09
412 8.85073e+09
413 9.10788e+09
414 8.85804e+09
415 9.11885e+09
416 8.91986e+09
417 9.08969e+09
418 8.58227e+09
419 8.59205e+09
420 8.79964e+09
421 8.51094e+09
422 8.49389e+09
423 8.55087e+09
424 8.81401e+09
425 8.32588e+09
426 8.49452e+09
427 8.5268e+09
428 8.32351e+09
429 8.50689e+09
430 8.49155e+09
431 7.96253e+09
432 8.45844e+09
433 8.11805e+09
434 8.07315e+09
435 7.96736e+09
436 8.25015e+09
437 8.28773e+09
438 7.98454e+09
439 7.90185e+09
440 8.33859e+09
441 7.79486e+09
442 7.33548e+09
443 7.65258e+09
444 7.67832e+09
445 7.40722e+09
446 8.00946e+09
447 7.03917e+09
448 7.55127e+09
449 7.20542e+09
450 7.38047e+09
451 7.46302e+09
452 7.38804e+09
453 7.03691e+09
454 7.19682e+09
455 6.9293e+09
456 7.04268e+09
457 7.09965e+09
458 7.09563e+09
459 7.29866e+09
460 7.21988e+09
461 6.92981e+09
462 6.74371e+09
463 6.79956e+09
464 6.90436e+09
465 6.77927e+09
466 6.99834e+09
467 7.04293e+09
468 6.57789e+09
469 6.60841e+09
470 6.87951e+09
471 6.57398e+09
472 6.77974e+09
473 6.68263e+09
474 6.82009e+09
475 6.59711e+09
476 6.38228e+09
477 6.46879e+09
478 6.58356e+09
479 6.20821e+09
480 6.32855e+09
481 6.1528e+09
482 6.33736e+09
483 6.34707e+09
484 6.28574e+09
485 6.15374e+09
486 6.34149e+09
487 6.20662e+09
488 6.05154e+09
489 6.00629e+09
490 6.09122e+09
491 5.80647e+09
492 5.84631e+09
493 6.03282e+09
494 5.58238e+09
495 6.0114e+09
496 5.59318e+09
497 5.59443e+09
498 5.5626e+09
499 5.96573e+09
500 5.67005e+09
501 5.53623e+09
502 5.59786e+09
503 5.50496e+09
504 5.38794e+09
505 5.37197e+09
506 5.27512e+09
507 5.29063e+09
508 5.54767e+09
509 5.56169e+09
510 5.47553e+09
511 5.29807e+09
512 5.09757e+09
513 5.27139e+09
514 5.19629e+09
515 5.21086e+09
516 5.26874e+09
517 5.18121e+09
518 5.24185e+09
519 5.19749e+09
520 5.32299e+09
521 5.03601e+09
522 5.2038e+09
523 5.03867e+09
524 4.89997e+09
525 4.91577e+09
526 4.99462e+09
527 4.85913e+09
528 4.9289e+09
529 4.95127e+09
530 4.79511e+09
531 4.72946e+09
532 4.92819e+09
533 4.95483e+09
534 4.84021e+09
535 4.96679e+09
536 4.6616e+09
537 4.93964e+09
538 4.80138e+09
539 4.59343e+09
540 4.3437e+09
541 4.46906e+09
542 4.60953e+09
543 4.65875e+09
544 4.63614e+09
545 4.47612e+09
546 4.49362e+09
547 4.25861e+09
548 4.46303e+09
549 4.43953e+09
550 4.37811e+09
551 4.35963e+09
552 4.39504e+09
553 4.52336e+09
554 4.01055e+09
555 4.32071e+09
556 4.42826e+09
557 4.17111e+09
558 4.28977e+09
559 4.18632e+09
560 4.21479e+09
561 4.20561e+09
562 4.21397e+09
563 4.16959e+09
564 4.26156e+09
565 4.0154e+09
566 4.03289e+09
567 4.26566e+09
568 4.10293e+09
569 4.05654e+09
570 4.09931e+09
571 3.75856e+09
572 3.90481e+09
573 3.80164e+09
574 3.79878e+09
575 3.9235e+09
576 3.87043e+09
577 3.83179e+09
578 3.78252e+09
579 3.85041e+09
580 3.83369e+09
581 3.77879e+09
582 3.85654e+09
583 3.79395e+09
584 3.7281e+09
585 3.63303e+09
586 3.76022e+09
587 3.54489e+09
588 3.71167e+09
589 3.50571e+09
590 3.65935e+09
591 3.59872e+09
592 3.572e+09
593 3.49155e+09
594 3.46045e+09
595 3.5099e+09
596 3.50604e+09
597 3.4085e+09
598 3.38829e+09
599 3.36557e+09
600 3.3254e+09
601 3.32238e+09
602 3.42225e+09
603 3.32002e+09
604 3.28212e+09
605 3.43412e+09
606 3.24208e+09
607 3.40773e+09
608 3.25903e+09
609 3.08062e+09
610 3.37486e+09
611 3.22275e+09
612 3.34329e+09
613 3.18791e+09
614 3.13288e+09
615 3.12852e+09
616 3.22967e+09
617 3.09871e+09
618 3.14328e+09
619 3.14294e+09
620 3.00328e+09
621 3.1288e+09
622 2.9605e+09
623 3.13678e+09
624 3.0264e+09
625 3.03481e+09
626 2.94251e+09
627 3.03377e+09
628 2.95809e+09
629 3.07544e+09
630 2.8345e+09
631 3.01614e+09
632 2.92584e+09
633 2.97956e+09
634 2.80914e+09
635 2.90764e+09
636 2.81736e+09
637 2.73951e+09
638 2.83811e+09
639 2.84686e+09
640 2.71362e+09
641 2.69756e+09
642 2.72476e+09
643 2.75519e+09
644 2.64513e+09
645 2.83496e+09
646 2.71772e+09
647 2.60662e+09
648 2.60895e+09
649 2.73155e+09
650 2.60585e+09
651 2.63696e+09
652 2.67912e+09
653 2.63884e+09
654 2.67299e+09
655 2.61201e+09
656 2.60252e+09
657 2.55295e+09
658 2.63944e+09
659 2.57614e+09
660 2.45841e+09
661 2.59319e+09
662 2.43393e+09
663 2.5475e+09
664 2.45492e+09
665 2.47643e+09
666 2.435e+09
667 2.39394e+09
668 2.35435e+09
669 2.37163e+09
670 2.43407e+09
671 2.45842e+09
672 2.38506e+09
673 2.3783e+09
674 2.37452e+09
675 2.40845e+09
676 2.3324e+09
677 2.32691e+09
678 2.28376e+09
679 2.29722e+09
680 2.33244e+09
681 2.26206e+09
682 2.32878e+09
683 2.20733e+09
684 2.27202e+09
685 2.23816e+09
686 2.27811e+09
687 2.21639e+09
688 2.14391e+09
689 2.14514e+09
690 2.21106e+09
691 2.28952e+09
692 2.21408e+09
693 2.12887e+09
694 2.16849e+09
695 2.12384e+09
696 2.09206e+09
697 2.13549e+09
698 2.0688e+09
699 2.05455e+09
700 2.15396e+09
701 2.01687e+09
702 2.10153e+09
703 2.14377e+09
704 2.00003e+09
705 1.98417e+09
706 2.02452e+09
707 2.05682e+09
708 2.06577e+09
709 1.98081e+09
710 2.00249e+09
711 2.04061e+09
712 2.01141e+09
713 1.97224e+09
714 1.9507e+09
715 1.96441e+09
716 1.9627e+09
717 1.96588e+09
718 1.97819e+09
719 1.98656e+09
720 1.89438e+09
721 1.88422e+09
722 1.9368e+09
723 1.89588e+09
724 1.8759e+09
725 1.86262e+09
726 1.86766e+09
727 1.86395e+09
728 1.7806e+09
729 1.82888e+09
730 1.81367e+09
731 1.87077e+09
732 1.79699e+09
733 1.80707e+09
734 1.78394e+09
735 1.77768e+09
736 1.81085e+09
737 1.79523e+09
738 1.69176e+09
739 1.74677e+09
740 1.73905e+09
741 1.67668e+09
742 1.71845e+09
743 1.75534e+09
744 1.72442e+09
745 1.73081e+09
746 1.6937e+09
747 1.72854e+09
748 1.70997e+09
749 1.62999e+09
750 1.72013e+09
751 1.68743e+09
752 1.69122e+09
753 1.66604e+09
754 1.70015e+09
755 1.57762e+09
756 1.59699e+09
757 1.674e+09
758 1.62316e+09
759 1.54353e+09
760 1.60724e+09
761 1.62493e+09
762 1.63094e+09
763 1.57424e+09
764 1.63656e+09
765 1.63303e+09
766 1.55197e+09
767 1.54815e+09
768 1.60807e+09
769 1.57343e+09
770 1.55662e+09
771 1.52526e+09
772 1.56749e+09
773 1.57962e+09
774 1.45986e+09
775 1.50874e+09
776 1.477e+09
777 1.48213e+09
778 1.50511e+09
779 1.49503e+09
780 1.42422e+09
781 1.50196e+09
782 1.48944e+09
783 1.43642e+09
784 1.43249e+09
785 1.54376e+09
786 1.48459e+09
787 1.43108e+09
788 1.42044e+09
789 1.42758e+09
790 1.44997e+09
791 1.41345e+09
792 1.43738e+09
793 1.40987e+09
794 1.40974e+09
795 1.368e+09
796 1.36351e+09
797 1.37548e+09
798 1.33678e+09
799 1.37842e+09
800 1.33171e+09
801 1.39092e+09
802 1.35825e+09
803 1.3953e+09
804 1.27449e+09
805 1.32024e+09
806 1.34125e+09
807 1.33111e+09
808 1.3152e+09
809 1.37112e+09
810 1.27821e+09
811 1.30607e+09
812 1.30055e+09
813 1.30702e+09
814 1.28189e+09
815 1.30715e+09
816 1.26693e+09
817 1.2174e+09
818 1.28903e+09
819 1.22106e+09
820 1.27792e+09
821 1.26442e+09
822 1.1781e+09
823 1.27965e+09
824 1.27851e+09
825 1.26653e+09
826 1.22588e+09
827 1.24376e+09
828 1.20498e+09
829 1.20404e+09
830 1.24294e+09
831 1.22165e+09
832 1.1862e+09
833 1.20185e+09
834 1.2279e+09
835 1.20957e+09
836 1.17472e+09
837 1.17284e+09
838 1.13951e+09
839 1.18438e+09
840 1.13584e+09
841 1.16441e+09
842 1.15419e+09
843 1.16504e+09
844 1.16607e+09
845 1.15659e+09
846 1.14787e+09
847 1.15487e+09
848 1.12505e+09
849 1.12586e+09
850 1.11878e+09
851 1.10629e+09
852 1.11976e+09
853 1.11728e+09
854 1.13846e+09
855 1.06846e+09
856 1.11291e+09
857 1.13006e+09
858 1.08271e+09
859 1.10774e+09
860 1.11016e+09
861 1.05527e+09
862 1.07074e+09
863 1.05317e+09
864 1.08391e+09
865 1.088e+09
866 1.07407e+09
867 1.10035e+09
868 1.06867e+09
869 1.04095e+09
870 1.07516e+09
871 1.03407e+09
872 1.05447e+09
873 1.04584e+09
874 1.04177e+09
875 1.06073e+09
876 1.03838e+09
877 1.05493e+09
878 1.0361e+09
879 1.0188e+09
880 1.03858e+09
881 1.02987e+09
882 1.02715e+09
883 1.01495e+09
884 1.01705e+09
885 1.01669e+09
886 1.00025e+09
887 1.04553e+09
888 1.04102e+09
889 1.01202e+09
890 9.93352e+08
891 9.82768e+08
892 9.78313e+08
893 9.85328e+08
894 9.96293e+08
895 9.47995e+08
896 9.72291e+08
897 9.72865e+08
898 9.64791e+08
899 9.52128e+08
900 9.85639e+08
901 9.79029e+08
902 9.4971e+08
903 9.7227e+08
904 9.78975e+08
905 9.38158e+08
906 9.63437e+08
907 9.44996e+08
908 9.54764e+08
909 9.44954e+08
910 9.45098e+08
911 9.37809e+08
912 9.05983e+08
913 9.28648e+08
914 9.05681e+08
915 9.30282e+08
916 9.31059e+08
917 9.1119e+08
918 9.21152e+08
919 9.10776e+08
920 9.24662e+08
921 9.36406e+08
922 9.08269e+08
923 8.9807e+08
924 9.14076e+08
925 9.10434e+08
926 9.14936e+08
927 9.18434e+08
928 9.04906e+08
929 9.25115e+08
930 8.97728e+08
931 8.87742e+08
932 8.82557e+08
933 8.9015e+08
934 8.71756e+08
935 8.79838e+08
936 8.94083e+08
937 8.69837e+08
938 8.64563e+08
939 8.74838e+08
940 8.78028e+08
941 8.66522e+08
942 8.35679e+08
943 8.4488e+08
944 8.55616e+08
945 8.42533e+08
946 8.42619e+08
947 8.74809e+08
948 8.53331e+08
949 8.57382e+08
950 8.55164e+08
951 8.49447e+08
952 8.36386e+08
953 8.46104e+08
954 8.53118e+08
955 8.32647e+08
956 8.20348e+08
957 8.31743e+08
958 8.42095e+08
959 8.44685e+08
960 8.26542e+08
961 8.50459e+08
962 8.29166e+08
963 8.5619e+08
964 8.05486e+08
965 8.2662e+08
966 8.19627e+08
967 8.35234e+08
968 8.17592e+08
969 7.98198e+08
970 8.28342e+08
971 8.47136e+08
972 8.1129e+08
973 8.39053e+08
974 7.95019e+08
975 8.00683e+08
976 7.99498e+08
977 8.06216e+08
978 8.13114e+08
979 8.02858e+08
980 7.88876e+08
981 8.09172e+08
982 7.80159e+08
983 7.66758e+08
984 7.90298e+08
985 8.09394e+08
986 7.89887e+08
987 7.71147e+08
988 7.69524e+08
989 7.66272e+08
990 7.78183e+08
991 7.93172e+08
992 7.81316e+08
993 7.55773e+08
994 7.83866e+08
995 7.9501e+08
996 7.63345e+08
997 7.70943e+08
998 7.81193e+08
999 7.87812e+08
1000 7.73883e+08
1001 7.9932e+08
1002 7.60817e+08
1003 7.49561e+08
1004 7.73457e+08
1005 7.61145e+08
1006 7.58672e+08
1007 7.57499e+08
1008 7.52121e+08
1009 7.43119e+08
1010 7.52474e+08
1011 7.40517e+08
1012 7.31999e+08
1013 7.43423e+08
1014 7.40925e+08
1015 7.68012e+08
1016 7.57754e+08
1017 7.57804e+08
1018 7.59313e+08
1019 7.50776e+08
1020 7.40077e+08
1021 7.39263e+08
1022 7.45191e+08
1023 7.44869e+08
1024 7.30559e+08
