# input_file=p1_4_1.tif
# Nx=2048
# Ny=2048
0 2.85915e+17
1 2.50389e+13
2 1.10456e+13
3 9.89948e+12
4 8.89301e+12
5 7.12663e+12
6 5.08803e+12
7 5.91392e+12
8 3.61127e+12
9 3.60729e+12
10 3.06345e+12
11 3.20953e+12
12 1.28693e+12
13 1.70207e+12
14 1.50331e+12
15 1.41831e+12
16 1.24349e+12
17 1.37833e+12
18 1.15377e+12
19 9.67305e+11
20 9.98264e+11
21 1.0315e+12
22 8.65605e+11
23 6.65736e+11
24 8.09841e+11
25 6.49753e+11
26 6.71547e+11
27 6.59393e+11
28 6.19195e+11
29 5.87147e+11
30 5.81267e+11
31 4.09753e+11
32 4.07582e+11
33 4.569e+11
34 4.71243e+11
35 4.24016e+11
36 4.42787e+11
37 3.9758e+11
38 3.09822e+11
39 3.06332e+11
40 3.75807e+11
41 3.58907e+11
42 3.02728e+11
43 3.03112e+11
44 2.80715e+11
45 3.31699e+11
46 3.15487e+11
47 2.80929e+11
48 2.72314e+11
49 2.64349e+11
50 2.43416e+11
51 2.31717e+11
52 2.74314e+11
53 2.53936e+11
54 2.14549e+11
55 2.0793e+11
56 2.10746e+11
57 2.15325e+11
58 2.16946e+11
59 1.86802e+11
60 1.85657e+11
61 1.94789e+11
62 1.8253e+11
63 1.69233e+11
64 1.82117e+11
65 1.68232e+11
66 1.62619e+11
67 1.54362e+11
68 2.03403e+11
69 1.58117e+11
70 1.7457e+11
71 1.52484e+11
72 1.41104e+11
73 1.48278e+11
74 1.5023e+11
75 1.59425e+11
76 1.53249e+11
77 1.56003e+11
78 1.48412e+11
79 1.49622e+11
80 1.28503e+11
81 1.22188e+11
82 1.30593e+11
83 1.30174e+11
84 1.21054e+11
85 1.26636e+11
86 1.07848e+11
87 1.22826e+11
88 1.17758e+11
89 1.15283e+11
90 1.02407e+11
91 9.96708e+10
92 1.05382e+11
93 1.10008e+11
94 1.06524e+11
95 1.02245e+11
96 1.06734e+11
97 9.84122e+10
98 1.00137e+11
99 9.67339e+10
100 1.0044e+11
101 8.8683e+10
102 8.49282e+10
103 1.00211e+11
104 8.26229e+10
105 9.35795e+10
106 8.82775e+10
107 8.75802e+10
108 8.44558e+10
109 8.02262e+10
110 7.44314e+10
111 7.70822e+10
112 8.19667e+10
113 7.90869e+10
114 7.73149e+10
115 8.02777e+10
116 7.8441e+10
117 7.43659e+10
118 7.07603e+10
119 7.83389e+10
120 7.41983e+10
121 6.56181e+10
122 7.00599e+10
123 6.92492e+10
124 6.90149e+10
125 6.85487e+10
126 6.35125e+10
127 6.12485e+10
128 6.25858e+10
129 6.2704e+10
130 5.66604e+10
131 5.71764e+10
132 6.32273e+10
133 6.09149e+10
134 6.08912e+10
135 5.48698e+10
136 5.37027e+10
137 5.56668e+10
138 5.00601e+10
139 5.46192e+10
140 5.4666e+10
141 5.35854e+10
142 5.3393e+10
143 5.38597e+10
144 4.94167e+10
145 5.77366e+10
146 5.03545e+10
147 5.26153e+10
148 5.4317e+10
149 5.09922e+10
150 4.75529e+10
151 5.02175e+10
152 4.80118e+10
153 4.62398e+10
154 4.26913e+10
155 4.87219e+10
156 4.90488e+10
157 4.53481e+10
158 4.48855e+10
159 4.66861e+10
160 4.36112e+10
161 4.81458e+10
162 4.28879e+10
163 4.00828e+10
164 4.7411e+10
165 4.31387e+10
166 4.31112e+10
167 4.29609e+10
168 4.01713e+10
169 3.87528e+10
170 4.39852e+10
171 4.08803e+10
172 3.73884e+10
173 4.03501e+10
174 3.95251e+10
175 3.85573e+10
176 3.85579e+10
177 4.00993e+10
178 3.78884e+10
179 3.796e+10
180 3.66134e+10
181 3.68092e+10
182 3.67931e+10
183 3.7635e+10
184 3.77548e+10
185 3.55658e+10
186 3.54713e+10
187 3.53087e+10
188 3.55477e+10
189 3.58976e+10
190 3.39642e+10
191 3.386e+10
192 3.47097e+10
193 3.49254e+10
194 3.44063e+10
195 3.41002e+10
196 3.37195e+10
197 3.24337e+10
198 3.21428e+10
199 3.38592e+10
200 3.45982e+10
201 3.07384e+10
202 3.15357e+10
203 3.05991e+10
204 2.98061e+10
205 3.05465e+10
206 3.05161e+10
207 2.90801e+10
208 2.91321e+10
209 3.30109e+10
210 2.90527e+10
211 2.9067e+10
212 2.82998e+10
213 2.90282e+10
214 2.86378e+10
215 2.84735e+10
216 2.78278e+10
217 2.85637e+10
218 2.94085e+10
219 2.81558e+10
220 2.61901e+10
221 2.8173e+10
222 2.8161e+10
223 2.59767e+10
224 2.73828e+10
225 2.63124e+10
226 2.46036e+10
227 2.51569e+10
228 2.66017e+10
229 2.60071e+10
230 2.58168e+10
231 2.41578e+10
232 2.58811e+10
233 2.65546e+10
234 2.52509e+10
235 2.65221e+10
236 2.72134e+10
237 2.58515e+10
238 2.45818e+10
239 2.43901e+10
240 2.46366e+10
241 2.47641e+10
242 2.35255e+10
243 2.4551e+10
244 2.47303e+10
245 2.471e+10
246 2.34541e+10
247 2.40321e+10
248 2.23647e+10
249 2.52355e+10
250 2.21417e+10
251 2.26257e+10
252 2.29141e+10
253 2.23912e+10
254 2.20903e+10
255 2.23573e+10
256 2.32495e+10
257 2.09565e+10
258 2.13474e+10
259 2.01787e+10
260 2.10517e+10
261 2.18758e+10
262 2.06704e+10
263 2.05634e+10
264 2.08669e+10
265 2.10661e+10
266 2.21686e+10
267 2.11858e+10
268 2.10646e+10
269 2.07433e+10
270 1.97085e+10
271 1.90197e+10
272 1.99672e+10
273 2.05939e+10
274 1.92849e+10
275 2.03717e+10
276 2.01479e+10
277 2.02319e+10
278 2.09132e+10
279 1.89233e+10
280 1.94514e+10
281 1.93791e+10
282 1.98784e+10
283 1.9756e+10
284 1.84341e+10
285 1.85152e+10
286 1.91293e+10
287 1.87753e+10
288 1.8939e+10
289 1.99251e+10
290 1.79008e+10
291 1.77463e+10
292 1.69265e+10
293 1.79305e+10
294 1.86098e+10
295 1.69105e+10
296 1.77344e+10
297 1.66597e+10
298 1.68194e+10
299 1.7467e+10
300 1.69866e+10
301 1.68753e+10
302 1.73594e+10
303 1.73782e+10
304 1.77821e+10
305 1.58299e+10
306 1.78419e+10
307 1.68014e+10
308 1.70815e+10
309 1.70361e+10
310 1.59547e+10
311 1.62769e+10
312 1.6312e+10
313 1.65332e+10
314 1.65329e+10
315 1.62284e+10
316 1.71115e+10
317 1.65709e+10
318 1.56672e+10
319 1.57549e+10
320 1.42578e+10
321 1.50201e+10
322 1.50175e+10
323 1.53507e+10
324 1.44555e+10
325 1.4096e+10
326 1.45568e+10
327 1.53739e+10
328 1.43442e+10
329 1.41839e+10
330 1.46468e+10
331 1.46593e+10
332 1.49838e+10
333 1.46409e+10
334 1.46151e+10
335 1.35851e+10
336 1.38565e+10
337 1.40535e+10
338 1.46223e+10
339 1.40244e+10
340 1.35955e+10
341 1.3663e+10
342 1.39641e+10
343 1.39775e+10
344 1.31777e+10
345 1.31586e+10
346 1.3481e+10
347 1.31804e+10
348 1.35273e+10
349 1.32802e+10
350 1.31491e+10
351 1.27796e+10
352 1.27176e+10
353 1.31013e+10
354 1.27089e+10
355 1.28472e+10
356 1.2105e+10
357 1.25014e+10
358 1.32791e+10
359 1.24606e+10
360 1.24541e+10
361 1.2922e+10
362 1.23565e+10
363 1.17593e+10
364 1.18988e+10
365 1.26645e+10
366 1.15294e+10
367 1.13193e+10
368 1.20341e+10
369 1.16273e+10
370 1.18125e+10
371 1.18623e+10
372 1.13324e+10
373 1.10746e+10
374 1.15346e+10
375 1.12631e+10
376 1.11339e+10
377 1.05131e+10
378 1.12246e+10
379 1.07993e+10
380 1.10305e+10
381 1.14075e+10
382 1.06304e+10
383 1.06071e+10
384 1.06751e+10
385 1.08327e+10
386 1.01828e+10
387 1.07924e+10
388 1.0546e+10
389 1.11062e+10
390 1.10473e+10
391 1.00609e+10
392 1.03239e+10
393 9.96827e+09
394 1.04116e+10
395 1.03066e+10
396 1.00222e+10
397 9.65577e+09
398 1.04332e+10
399 9.77825e+09
400 1.04072e+10
401 9.95115e+09
402 9.71794e+09
403 9.93652e+09
404 9.60684e+09
405 9.88015e+09
406 9.40696e+09
407 1.0277e+10
408 9.46941e+09
409 9.56975e+09
410 9.35252e+09
411 9.5457e+09
412 8.71903e+09
413 9.84909e+09
414 9.08038e+09
415 9.27733e+09
416 9.1753e+09
417 8.85371e+09
418 9.18416e+09
419 9.0615e+09
420 8.53756e+09
421 8.41259e+09
422 8.96889e+09
423 9.02481e+09
424 8.92088e+09
425 9.04131e+09
426 8.71842e+09
427 8.6683e+09
428 8.24815e+09
429 9.25251e+09
430 8.36235e+09
431 8.64274e+09
432 8.45818e+09
433 8.86834e+09
434 7.92849e+09
435 8.03338e+09
436 7.94939e+09
437 8.13254e+09
438 8.42765e+09
439 8.42202e+09
440 7.88722e+09
441 7.76375e+09
442 7.85077e+09
443 8.461e+09
444 7.73091e+09
445 7.6401e+09
446 7.92195e+09
447 7.87314e+09
448 7.99226e+09
449 7.79169e+09
450 7.47985e+09
451 7.49502e+09
452 7.89272e+09
453 7.62518e+09
454 7.28805e+09
455 7.41924e+09
456 7.28909e+09
457 7.15848e+09
458 7.45629e+09
459 7.30927e+09
460 7.03627e+09
461 7.28843e+09
462 7.26982e+09
463 7.18975e+09
464 7.11699e+09
465 7.09157e+09
466 7.00009e+09
467 6.90673e+09
468 6.91201e+09
469 6.78132e+09
470 6.8334e+09
471 6.94591e+09
472 6.57054e+09
473 6.55474e+09
474 6.82516e+09
475 6.42365e+09
476 6.42309e+09
477 6.57152e+09
478 6.31428e+09
479 6.14902e+09
480 6.62992e+09
481 6.09802e+09
482 6.61222e+09
483 6.24362e+09
484 6.5296e+09
485 6.44255e+09
486 6.3561e+09
487 6.44126e+09
488 6.1212e+09
489 6.29502e+09
490 6.11836e+09
491 6.31818e+09
492 6.1179e+09
493 6.20305e+09
494 6.06162e+09
495 6.15072e+09
496 5.91921e+09
497 5.92811e+09
498 5.71534e+09
499 5.98248e+09
500 5.84524e+09
501 5.80603e+09
502 5.48197e+09
503 5.68099e+09
504 5.75545e+09
505 5.43449e+09
506 5.7825e+09
507 5.61215e+09
508 5.71048e+09
509 5.65763e+09
510 5.41397e+09
511 5.55852e+09
512 5.50102e+09
513 5.58086e+09
514 5.32499e+09
515 5.24626e+09
516 5.35515e+09
517 5.22867e+09
518 5.15622e+09
519 5.46623e+09
520 5.42048e+09
521 5.45298e+09
522 5.25213e+09
523 5.1034e+09
524 5.31706e+09
525 5.08271e+09
526 5.16488e+09
527 5.13374e+09
528 4.93751e+09
529 5.0942e+09
530 4.97061e+09
531 5.05425e+09
532 4.9117e+09
533 4.7623e+09
534 4.91886e+09
535 4.87103e+09
536 4.87887e+09
537 4.75366e+09
538 4.71129e+09
539 4.8751e+09
540 4.75125e+09
541 4.77333e+09
542 4.84482e+09
543 4.69462e+09
544 4.81827e+09
545 4.78236e+09
546 4.56719e+09
547 4.55698e+09
548 4.41342e+09
549 4.62091e+09
550 4.43234e+09
551 4.57901e+09
552 4.515e+09
553 4.49174e+09
554 4.29368e+09
555 4.60403e+09
556 4.47937e+09
557 4.40426e+09
558 4.29667e+09
559 4.24293e+09
560 4.02206e+09
561 4.27605e+09
562 4.12585e+09
563 4.22914e+09
564 4.4554e+09
565 4.16588e+09
566 4.21154e+09
567 4.24251e+09
568 4.13827e+09
569 4.09193e+09
570 4.11946e+09
571 3.98316e+09
572 4.04438e+09
573 3.94826e+09
574 4.02948e+09
575 4.00321e+09
576 3.95892e+09
577 3.79606e+09
578 3.85509e+09
579 3.82918e+09
580 3.92229e+09
581 3.81208e+09
582 3.746e+09
583 3.759e+09
584 4.02564e+09
585 3.80166e+09
586 3.7093e+09
587 3.55567e+09
588 3.69412e+09
589 3.68779e+09
590 3.60434e+09
591 3.57361e+09
592 3.6642e+09
593 3.57143e+09
594 3.54331e+09
595 3.72165e+09
596 3.54003e+09
597 3.61602e+09
598 3.60464e+09
599 3.43751e+09
600 3.55785e+09
601 3.53796e+09
602 3.40847e+09
603 3.46679e+09
604 3.49214e+09
605 3.34292e+09
606 3.40908e+09
607 3.42089e+09
608 3.33799e+09
609 3.25371e+09
610 3.35666e+09
611 3.41342e+09
612 3.25067e+09
613 3.18893e+09
614 3.38544e+09
615 3.34589e+09
616 3.22237e+09
617 3.10917e+09
618 3.15692e+09
619 3.16583e+09
620 3.18965e+09
621 3.30274e+09
622 3.07075e+09
623 3.02689e+09
624 3.24808e+09
625 3.12614e+09
626 3.2182e+09
627 2.94242e+09
628 2.9619e+09
629 3.0969e+09
630 2.94032e+09
631 3.04324e+09
632 2.99743e+09
633 3.01188e+09
634 2.94208e+09
635 2.91178e+09
636 2.98822e+09
637 2.96418e+09
638 2.92189e+09
639 2.84424e+09
640 2.79528e+09
641 2.87763e+09
642 2.88696e+09
643 2.72533e+09
644 2.89937e+09
645 2.84512e+09
646 2.8134e+09
647 2.79197e+09
648 2.80973e+09
649 2.71866e+09
650 2.79048e+09
651 2.87615e+09
652 2.71261e+09
653 2.64951e+09
654 2.61599e+09
655 2.63831e+09
656 2.73891e+09
657 2.72525e+09
658 2.54212e+09
659 2.75737e+09
660 2.56622e+09
661 2.6502e+09
662 2.63831e+09
663 2.60865e+09
664 2.50348e+09
665 2.50301e+09
666 2.61725e+09
667 2.54264e+09
668 2.56785e+09
669 2.50277e+09
670 2.52826e+09
671 2.47111e+09
672 2.46378e+09
673 2.45365e+09
674 2.44021e+09
675 2.47289e+09
676 2.37407e+09
677 2.34187e+09
678 2.39846e+09
679 2.43707e+09
680 2.40301e+09
681 2.28093e+09
682 2.40057e+09
683 2.26238e+09
684 2.34478e+09
685 2.30787e+09
686 2.37524e+09
687 2.32973e+09
688 2.22599e+09
689 2.24857e+09
690 2.26717e+09
691 2.22137e+09
692 2.23516e+09
693 2.25528e+09
694 2.21485e+09
695 2.08327e+09
696 2.19399e+09
697 2.16522e+09
698 2.18744e+09
699 2.10729e+09
700 2.21275e+09
701 2.17318e+09
702 2.09023e+09
703 2.11453e+09
704 2.13594e+09
705 2.10545e+09
706 2.16776e+09
707 2.16146e+09
708 2.00552e+09
709 2.08774e+09
710 2.11578e+09
711 2.03944e+09
712 2.01133e+09
713 2.06605e+09
714 1.95568e+09
715 2.03658e+09
716 2.02571e+09
717 1.9517e+09
718 1.91614e+09
719 1.91461e+09
720 1.94671e+09
721 1.96046e+09
722 1.88856e+09
723 2.0032e+09
724 2.01714e+09
725 1.93854e+09
726 1.89324e+09
727 1.9609e+09
728 1.92894e+09
729 1.86172e+09
730 1.8563e+09
731 1.90602e+09
732 1.87967e+09
733 1.79265e+09
734 1.85707e+09
735 1.85063e+09
736 1.80901e+09
737 1.83812e+09
738 1.84337e+09
739 1.75792e+09
740 1.76667e+09
741 1.78601e+09
742 1.73171e+09
743 1.79954e+09
744 1.7054e+09
745 1.77096e+09
746 1.79237e+09
747 1.73909e+09
748 1.7278e+09
749 1.77244e+09
750 1.68565e+09
751 1.70087e+09
752 1.72788e+09
753 1.72655e+09
754 1.67326e+09
755 1.71207e+09
756 1.66078e+09
757 1.711e+09
758 1.66073e+09
759 1.63174e+09
760 1.67744e+09
761 1.67188e+09
762 1.63374e+09
763 1.62627e+09
764 1.60262e+09
765 1.63997e+09
766 1.6076e+09
767 1.576e+09
768 1.5735e+09
769 1.63478e+09
770 1.61372e+09
771 1.5847e+09
772 1.51981e+09
773 1.58083e+09
774 1.55593e+09
775 1.53282e+09
776 1.50019e+09
777 1.60282e+09
778 1.52828e+09
779 1.51613e+09
780 1.58904e+09
781 1.52922e+09
782 1.54636e+09
783 1.50723e+09
784 1.43479e+09
785 1.48923e+09
786 1.532e+09
787 1.49473e+09
788 1.46013e+09
789 1.50228e+09
790 1.46749e+09
791 1.48055e+09
792 1.47669e+09
793 1.41724e+09
794 1.44239e+09
795 1.45702e+09
796 1.4512e+09
797 1.44739e+09
798 1.43895e+09
799 1.46649e+09
800 1.42738e+09
801 1.4136e+09
802 1.41442e+09
803 1.38409e+09
804 1.39534e+09
805 1.32951e+09
806 1.3891e+09
807 1.36026e+09
808 1.34187e+09
809 1.3655e+09
810 1.34553e+09
811 1.35272e+09
812 1.30927e+09
813 1.34059e+09
814 1.34335e+09
815 1.35459e+09
816 1.30614e+09
817 1.35489e+09
818 1.21827e+09
819 1.34581e+09
820 1.30146e+09
821 1.32948e+09
822 1.29804e+09
823 1.28979e+09
824 1.25695e+09
825 1.29158e+09
826 1.26184e+09
827 1.26839e+09
828 1.28125e+09
829 1.26035e+09
830 1.26362e+09
831 1.2422e+09
832 1.26535e+09
833 1.21153e+09
834 1.22139e+09
835 1.2422e+09
836 1.24865e+09
837 1.18484e+09
838 1.17879e+09
839 1.17491e+09
840 1.17711e+09
841 1.21152e+09
842 1.15425e+09
843 1.1962e+09
844 1.19206e+09
845 1.22434e+09
846 1.20779e+09
847 1.18646e+09
848 1.1198e+09
849 1.17665e+09
850 1.18715e+09
851 1.14095e+09
852 1.22369e+09
853 1.1478e+09
854 1.18616e+09
855 1.13301e+09
856 1.15298e+09
857 1.11968e+09
858 1.16328e+09
859 1.1119e+09
860 1.1275e+09
861 1.10801e+09
862 1.11586e+09
863 1.16664e+09
864 1.096e+09
865 1.11437e+09
866 1.10772e+09
867 1.11358e+09
868 1.09704e+09
869 1.10913e+09
870 1.13462e+09
871 1.11748e+09
872 1.08903e+09
873 1.1228e+09
874 1.0563e+09
875 1.04183e+09
876 1.03767e+09
877 1.06498e+09
878 1.05276e+09
879 1.04732e+09
880 1.05323e+09
881 1.10033e+09
882 1.07997e+09
883 1.06055e+09
884 1.04667e+09
885 1.02391e+09
886 1.01568e+09
887 1.0599e+09
888 1.01365e+09
889 1.04504e+09
890 1.03679e+09
891 1.01727e+09
892 1.00783e+09
893 1.02264e+09
894 1.03029e+09
895 9.90071e+08
896 9.92849e+08
897 9.72251e+08
898 1.01296e+09
899 1.0101e+09
900 9.97181e+08
901 9.90572e+08
902 9.87975e+08
903 9.70997e+08
904 1.01828e+09
905 9.95942e+08
906 9.86317e+08
907 9.85505e+08
908 9.79794e+08
909 9.71437e+08
910 9.41734e+08
911 9.59207e+08
912 9.39935e+08
913 9.38558e+08
914 9.4349e+08
915 9.68924e+08
916 9.63585e+08
917 9.53835e+08
918 9.5856e+08
919 9.20913e+08
920 9.3654e+08
921 9.24796e+08
922 9.32102e+08
923 9.66468e+08
924 9.43249e+08
925 9.83566e+08
926 9.43483e+08
927 9.22034e+08
928 9.08916e+08
929 9.1095e+08
930 9.20524e+08
931 9.24283e+08
932 9.00832e+08
933 9.17701e+08
934 9.11313e+08
935 9.00827e+08
936 8.92248e+08
937 9.26732e+08
938 9.09293e+08
939 9.08158e+08
940 8.97019e+08
941 8.73854e+08
942 9.05539e+08
943 9.09128e+08
944 8.95317e+08
945 8.96957e+08
946 9.10462e+08
947 8.652e+08
948 8.73389e+08
949 8.67641e+08
950 8.77102e+08
951 8.59659e+08
952 8.33107e+08
953 8.7215e+08
954 8.8582e+08
955 8.86872e+08
956 8.72202e+08
957 8.57095e+08
958 8.67599e+08
959 8.496e+08
960 8.66165e+08
961 8.56026e+08
962 8.5262e+08
963 8.79251e+08
964 8.54388e+08
965 8.43401e+08
966 8.53305e+08
967 8.46195e+08
968 8.14855e+08
969 8.41155e+08
970 8.35053e+08
971 8.29778e+08
972 8.14006e+08
973 8.44033e+08
974 8.05048e+08
975 8.30088e+08
976 8.27403e+08
977 8.04032e+08
978 8.45183e+08
979 8.32125e+08
980 8.22947e+08
981 8.2914e+08
982 8.20147e+08
983 8.43684e+08
984 7.91363e+08
985 8.14532e+08
986 8.40966e+08
987 8.19668e+08
988 8.22661e+08
989 8.24091e+08
990 8.43869e+08
991 8.004e+08
992 8.32214e+08
993 8.04053e+08
994 8.27251e+08
995 8.34901e+08
996 8.07423e+08
997 8.16521e+08
998 7.81902e+08
999 7.75982e+08
1000 7.8627e+08
1001 8.17893e+08
1002 8.16692e+08
1003 7.99896e+08
1004 7.89672e+08
1005 7.88431e+08
1006 8.14124e+08
1007 8.02437e+08
1008 8.01717e+08
1009 7.77171e+08
1010 7.69283e+08
1011 7.76813e+08
1012 7.44182e+08
1013 7.80721e+08
1014 7.49691e+08
1015 7.7886e+08
1016 7.84444e+08
1017 7.66228e+08
1018 7.44779e+08
1019 7.83196e+08
1020 7.51876e+08
1021 7.35938e+08
1022 7.44568e+08
1023 7.64913e+08
1024 7.78397e+08
