# input_file=p1_4_4.tif
# Nx=2048
# Ny=2048
0 2.86014e+17
1 2.10151e+13
2 1.43525e+13
3 8.12713e+12
4 7.93184e+12
5 7.56759e+12
6 8.735e+12
7 6.14808e+12
8 3.31623e+12
9 2.3351e+12
10 3.01356e+12
11 2.19543e+12
12 2.39534e+12
13 2.16148e+12
14 1.85467e+12
15 1.58227e+12
16 1.42801e+12
17 1.2594e+12
18 1.16941e+12
19 1.50289e+12
20 1.08933e+12
21 9.64557e+11
22 8.4395e+11
23 7.41323e+11
24 8.56165e+11
25 8.65961e+11
26 8.20461e+11
27 5.86582e+11
28 6.50306e+11
29 5.89537e+11
30 5.81898e+11
31 4.96079e+11
32 5.42263e+11
33 5.13997e+11
34 4.39567e+11
35 4.80712e+11
36 4.46454e+11
37 4.08011e+11
38 4.03511e+11
39 3.83503e+11
40 3.69331e+11
41 3.80358e+11
42 2.96634e+11
43 3.92064e+11
44 3.01217e+11
45 3.15703e+11
46 2.84923e+11
47 2.82364e+11
48 3.32585e+11
49 2.55151e+11
50 2.93544e+11
51 3.17466e+11
52 2.47865e+11
53 2.47473e+11
54 2.20135e+11
55 2.25292e+11
56 2.37615e+11
57 2.12403e+11
58 2.4133e+11
59 2.35648e+11
60 2.08567e+11
61 2.23518e+11
62 2.09428e+11
63 1.82754e+11
64 1.76401e+11
65 1.83471e+11
66 1.66002e+11
67 1.69596e+11
68 1.66324e+11
69 1.50521e+11
70 1.67489e+11
71 1.46778e+11
72 1.69185e+11
73 1.71001e+11
74 1.61952e+11
75 1.4772e+11
76 1.48917e+11
77 1.46368e+11
78 1.58272e+11
79 1.36201e+11
80 1.44116e+11
81 1.2044e+11
82 1.23764e+11
83 1.33395e+11
84 1.04939e+11
85 1.21795e+11
86 1.10059e+11
87 1.20176e+11
88 1.2169e+11
89 1.13184e+11
90 1.15498e+11
91 1.09484e+11
92 9.80054e+10
93 9.97361e+10
94 9.82798e+10
95 1.08704e+11
96 9.67626e+10
97 9.66117e+10
98 1.0058e+11
99 9.6902e+10
100 9.6883e+10
101 9.11818e+10
102 8.74734e+10
103 9.62254e+10
104 9.02512e+10
105 8.80884e+10
106 8.62231e+10
107 8.25659e+10
108 8.50034e+10
109 7.3646e+10
110 8.45985e+10
111 7.60284e+10
112 7.02212e+10
113 7.40362e+10
114 7.76886e+10
115 7.03964e+10
116 7.32036e+10
117 7.41902e+10
118 7.24968e+10
119 7.49907e+10
120 6.07721e+10
121 6.97667e+10
122 7.03748e+10
123 6.59533e+10
124 6.95974e+10
125 6.60044e+10
126 6.09143e+10
127 6.53344e+10
128 5.81471e+10
129 5.99202e+10
130 6.07188e+10
131 5.41391e+10
132 5.95357e+10
133 5.701e+10
134 5.77344e+10
135 5.48464e+10
136 5.38912e+10
137 4.99638e+10
138 5.64257e+10
139 5.42829e+10
140 5.59966e+10
141 5.46673e+10
142 5.535e+10
143 5.45656e+10
144 5.28961e+10
145 4.93363e+10
146 4.97832e+10
147 4.70512e+10
148 4.87047e+10
149 4.75753e+10
150 4.57117e+10
151 4.2893e+10
152 4.93124e+10
153 4.31466e+10
154 4.44712e+10
155 4.04091e+10
156 4.03406e+10
157 4.41098e+10
158 4.30551e+10
159 4.4051e+10
160 4.01403e+10
161 4.18278e+10
162 3.90203e+10
163 3.93012e+10
164 3.68721e+10
165 4.03947e+10
166 3.81163e+10
167 3.85149e+10
168 3.80367e+10
169 3.9997e+10
170 3.69906e+10
171 3.74763e+10
172 3.61631e+10
173 3.68645e+10
174 3.6096e+10
175 4.12818e+10
176 3.67101e+10
177 3.37648e+10
178 3.49787e+10
179 3.59253e+10
180 3.56901e+10
181 3.34207e+10
182 3.57921e+10
183 3.57804e+10
184 3.4194e+10
185 3.58845e+10
186 3.2972e+10
187 3.43175e+10
188 3.38511e+10
189 3.29942e+10
190 3.26548e+10
191 3.19461e+10
192 3.38263e+10
193 3.20984e+10
194 3.03101e+10
195 2.86118e+10
196 3.11303e+10
197 3.04557e+10
198 3.07927e+10
199 2.76312e+10
200 3.00311e+10
201 3.05756e+10
202 2.98172e+10
203 2.94836e+10
204 2.97931e+10
205 3.08514e+10
206 2.90614e+10
207 2.85945e+10
208 2.92982e+10
209 2.87209e+10
210 2.83293e+10
211 2.85816e+10
212 2.75685e+10
213 2.5144e+10
214 2.61313e+10
215 2.56658e+10
216 2.58722e+10
217 2.5809e+10
218 2.54578e+10
219 2.57937e+10
220 2.4201e+10
221 2.65869e+10
222 2.67368e+10
223 2.38207e+10
224 2.51914e+10
225 2.62161e+10
226 2.69247e+10
227 2.50701e+10
228 2.37112e+10
229 2.32273e+10
230 2.42593e+10
231 2.50576e+10
232 2.3058e+10
233 2.37428e+10
234 2.5514e+10
235 2.34002e+10
236 2.47445e+10
237 2.32345e+10
238 2.18248e+10
239 2.20296e+10
240 2.18132e+10
241 2.31715e+10
242 2.18595e+10
243 2.26467e+10
244 2.24066e+10
245 2.23713e+10
246 2.15538e+10
247 2.26394e+10
248 2.19626e+10
249 2.00538e+10
250 2.00116e+10
251 2.14172e+10
252 1.97845e+10
253 2.03223e+10
254 2.18353e+10
255 2.07155e+10
256 2.07617e+10
257 2.15658e+10
258 1.94309e+10
259 2.09326e+10
260 1.96602e+10
261 2.05738e+10
262 2.08754e+10
263 1.93154e+10
264 1.91222e+10
265 2.00587e+10
266 2.03124e+10
267 2.12642e+10
268 1.88176e+10
269 1.88464e+10
270 1.91106e+10
271 1.92427e+10
272 1.8856e+10
273 1.93893e+10
274 1.90209e+10
275 1.90086e+10
276 1.8911e+10
277 1.88746e+10
278 1.92528e+10
279 1.86395e+10
280 1.71792e+10
281 1.74655e+10
282 1.90126e+10
283 1.78444e+10
284 1.74306e+10
285 1.83961e+10
286 1.73624e+10
287 1.74797e+10
288 1.63394e+10
289 1.74029e+10
290 1.73341e+10
291 1.73012e+10
292 1.71745e+10
293 1.58577e+10
294 1.68708e+10
295 1.68374e+10
296 1.63542e+10
297 1.60681e+10
298 1.63025e+10
299 1.71608e+10
300 1.54141e+10
301 1.57696e+10
302 1.59036e+10
303 1.55879e+10
304 1.62336e+10
305 1.606e+10
306 1.60203e+10
307 1.55714e+10
308 1.54514e+10
309 1.49568e+10
310 1.62226e+10
311 1.52059e+10
312 1.52429e+10
313 1.50523e+10
314 1.50577e+10
315 1.49985e+10
316 1.54218e+10
317 1.47596e+10
318 1.44609e+10
319 1.45372e+10
320 1.51944e+10
321 1.36119e+10
322 1.41959e+10
323 1.54853e+10
324 1.46487e+10
325 1.37434e+10
326 1.44388e+10
327 1.46398e+10
328 1.38654e+10
329 1.35601e+10
330 1.33437e+10
331 1.45196e+10
332 1.40991e+10
333 1.37253e+10
334 1.36437e+10
335 1.28294e+10
336 1.27068e+10
337 1.28911e+10
338 1.31351e+10
339 1.30471e+10
340 1.31481e+10
341 1.27251e+10
342 1.28305e+10
343 1.28145e+10
344 1.24506e+10
345 1.31885e+10
346 1.23793e+10
347 1.22186e+10
348 1.23785e+10
349 1.22384e+10
350 1.17729e+10
351 1.23768e+10
352 1.21938e+10
353 1.1749e+10
354 1.22148e+10
355 1.13538e+10
356 1.14149e+10
357 1.18077e+10
358 1.147e+10
359 1.19771e+10
360 1.13219e+10
361 1.13582e+10
362 1.24688e+10
363 1.16419e+10
364 1.08161e+10
365 1.13938e+10
366 1.14096e+10
367 1.18399e+10
368 1.12683e+10
369 1.12728e+10
370 1.08809e+10
371 1.13723e+10
372 1.07804e+10
373 1.0595e+10
374 1.05471e+10
375 1.13724e+10
376 1.04042e+10
377 1.06155e+10
378 1.04533e+10
379 1.01066e+10
380 1.04451e+10
381 1.07248e+10
382 1.05363e+10
383 9.85322e+09
384 1.06629e+10
385 1.03468e+10
386 9.77543e+09
387 1.06377e+10
388 1.00315e+10
389 9.94549e+09
390 9.91022e+09
391 9.43396e+09
392 9.98182e+09
393 9.89818e+09
394 1.01477e+10
395 9.3283e+09
396 9.39192e+09
397 9.43858e+09
398 1.00937e+10
399 9.30889e+09
400 9.64732e+09
401 9.21172e+09
402 9.15005e+09
403 9.44028e+09
404 9.5803e+09
405 9.10029e+09
406 9.11401e+09
407 8.85847e+09
408 8.93931e+09
409 8.95952e+09
410 8.79847e+09
411 9.02829e+09
412 8.9077e+09
413 8.7114e+09
414 8.57645e+09
415 8.73235e+09
416 8.35315e+09
417 8.8678e+09
418 8.93859e+09
419 8.73758e+09
420 8.41919e+09
421 8.53695e+09
422 8.49543e+09
423 8.41011e+09
424 8.25646e+09
425 8.64001e+09
426 8.20073e+09
427 7.79577e+09
428 7.79291e+09
429 8.23575e+09
430 8.25655e+09
431 7.70778e+09
432 7.80004e+09
433 8.19953e+09
434 7.84095e+09
435 7.81998e+09
436 7.78325e+09
437 8.24554e+09
438 7.50516e+09
439 8.01038e+09
440 7.62241e+09
441 7.55886e+09
442 7.52617e+09
443 7.67127e+09
444 7.58075e+09
445 7.52137e+09
446 7.69885e+09
447 7.1547e+09
448 7.47987e+09
449 7.14197e+09
450 7.16706e+09
451 7.35393e+09
452 7.3337e+09
453 7.13356e+09
454 7.2433e+09
455 6.91066e+09
456 6.91739e+09
457 7.01972e+09
458 6.82464e+09
459 7.15472e+09
460 6.83883e+09
461 6.54841e+09
462 6.50705e+09
463 7.17883e+09
464 6.76377e+09
465 6.96956e+09
466 6.58844e+09
467 6.80199e+09
468 6.61601e+09
469 6.96457e+09
470 6.68555e+09
471 6.60853e+09
472 6.43978e+09
473 6.64237e+09
474 6.5292e+09
475 6.69105e+09
476 6.51322e+09
477 6.22452e+09
478 6.33668e+09
479 6.21781e+09
480 6.23929e+09
481 5.98264e+09
482 6.14912e+09
483 6.20044e+09
484 6.32503e+09
485 6.0644e+09
486 5.93588e+09
487 6.10133e+09
488 6.22589e+09
489 5.89467e+09
490 5.71941e+09
491 6.10922e+09
492 5.7038e+09
493 5.88441e+09
494 5.45124e+09
495 5.79749e+09
496 5.44368e+09
497 5.90931e+09
498 5.59808e+09
499 5.81232e+09
500 5.4342e+09
501 5.70432e+09
502 5.58363e+09
503 5.62727e+09
504 5.56744e+09
505 5.56699e+09
506 5.20557e+09
507 5.5151e+09
508 5.30968e+09
509 5.33225e+09
510 5.22146e+09
511 5.43419e+09
512 5.26004e+09
513 5.28159e+09
514 5.04343e+09
515 5.18428e+09
516 5.04661e+09
517 5.28245e+09
518 4.9984e+09
519 5.16646e+09
520 5.19561e+09
521 5.16985e+09
522 5.19392e+09
523 4.58453e+09
524 4.97517e+09
525 5.09812e+09
526 4.75703e+09
527 4.82592e+09
528 4.81016e+09
529 4.72492e+09
530 4.8706e+09
531 4.88466e+09
532 4.96892e+09
533 4.60016e+09
534 4.7373e+09
535 4.81195e+09
536 4.55052e+09
537 4.77068e+09
538 4.6559e+09
539 4.5468e+09
540 4.70936e+09
541 4.47975e+09
542 4.49022e+09
543 4.36035e+09
544 4.40977e+09
545 4.35838e+09
546 4.40992e+09
547 4.36107e+09
548 4.32219e+09
549 4.23572e+09
550 4.41122e+09
551 4.17923e+09
552 4.4596e+09
553 4.48175e+09
554 4.31938e+09
555 4.39306e+09
556 4.15273e+09
557 4.20943e+09
558 4.20279e+09
559 4.15545e+09
560 3.971e+09
561 4.1384e+09
562 4.08428e+09
563 4.23932e+09
564 3.91065e+09
565 4.0301e+09
566 4.05618e+09
567 3.87219e+09
568 3.84087e+09
569 3.92054e+09
570 4.0198e+09
571 4.11889e+09
572 3.9681e+09
573 3.86246e+09
574 3.73015e+09
575 3.86411e+09
576 3.9002e+09
577 3.75291e+09
578 3.8753e+09
579 3.8528e+09
580 3.81953e+09
581 3.78736e+09
582 3.53323e+09
583 3.67532e+09
584 3.75672e+09
585 3.75611e+09
586 3.62674e+09
587 3.63113e+09
588 3.62815e+09
589 3.69085e+09
590 3.51211e+09
591 3.55568e+09
592 3.53802e+09
593 3.57188e+09
594 3.48126e+09
595 3.46472e+09
596 3.5045e+09
597 3.4425e+09
598 3.42111e+09
599 3.42289e+09
600 3.48326e+09
601 3.19811e+09
602 3.46917e+09
603 3.30764e+09
604 3.46816e+09
605 3.40787e+09
606 3.39717e+09
607 3.30359e+09
608 3.18291e+09
609 3.19486e+09
610 3.29829e+09
611 3.18559e+09
612 3.25168e+09
613 3.14165e+09
614 3.19719e+09
615 3.08372e+09
616 3.08449e+09
617 3.22186e+09
618 3.16778e+09
619 3.1033e+09
620 2.96695e+09
621 3.06181e+09
622 3.13196e+09
623 3.0433e+09
624 3.04262e+09
625 2.98793e+09
626 3.00176e+09
627 2.93645e+09
628 3.01381e+09
629 3.06775e+09
630 2.88117e+09
631 2.86314e+09
632 2.94754e+09
633 3.02854e+09
634 2.86659e+09
635 2.86229e+09
636 2.7942e+09
637 2.88355e+09
638 2.83841e+09
639 2.80242e+09
640 2.81481e+09
641 2.83846e+09
642 2.83977e+09
643 2.73329e+09
644 2.81923e+09
645 2.81893e+09
646 2.7579e+09
647 2.7154e+09
648 2.66002e+09
649 2.72306e+09
650 2.67382e+09
651 2.74457e+09
652 2.6446e+09
653 2.63594e+09
654 2.65733e+09
655 2.5891e+09
656 2.65705e+09
657 2.66598e+09
658 2.48628e+09
659 2.44333e+09
660 2.58556e+09
661 2.46634e+09
662 2.5278e+09
663 2.46566e+09
664 2.49604e+09
665 2.50781e+09
666 2.55003e+09
667 2.46968e+09
668 2.41812e+09
669 2.43091e+09
670 2.41266e+09
671 2.4113e+09
672 2.45062e+09
673 2.40614e+09
674 2.41353e+09
675 2.26274e+09
676 2.34307e+09
677 2.36109e+09
678 2.33349e+09
679 2.46038e+09
680 2.36592e+09
681 2.27232e+09
682 2.23933e+09
683 2.30019e+09
684 2.29318e+09
685 2.28174e+09
686 2.2643e+09
687 2.2137e+09
688 2.28577e+09
689 2.1711e+09
690 2.24049e+09
691 2.26478e+09
692 2.21606e+09
693 2.30404e+09
694 2.13615e+09
695 2.10807e+09
696 2.20924e+09
697 2.11419e+09
698 2.23997e+09
699 2.11851e+09
700 2.14195e+09
701 2.07035e+09
702 2.10466e+09
703 2.05334e+09
704 2.17604e+09
705 2.09688e+09
706 2.0656e+09
707 2.01884e+09
708 1.99141e+09
709 1.9644e+09
710 2.06307e+09
711 1.9849e+09
712 2.00972e+09
713 1.99396e+09
714 1.97075e+09
715 1.86785e+09
716 1.99018e+09
717 1.94315e+09
718 1.91594e+09
719 1.88752e+09
720 1.94409e+09
721 1.90808e+09
722 1.92817e+09
723 1.98206e+09
724 1.89586e+09
725 1.94383e+09
726 1.81864e+09
727 1.82317e+09
728 1.83271e+09
729 1.88586e+09
730 1.86919e+09
731 1.86537e+09
732 1.82646e+09
733 1.81331e+09
734 1.93334e+09
735 1.86073e+09
736 1.77849e+09
737 1.7817e+09
738 1.77082e+09
739 1.75645e+09
740 1.82346e+09
741 1.73824e+09
742 1.69535e+09
743 1.79915e+09
744 1.74749e+09
745 1.74591e+09
746 1.72906e+09
747 1.72203e+09
748 1.73506e+09
749 1.7382e+09
750 1.67604e+09
751 1.69021e+09
752 1.67082e+09
753 1.68132e+09
754 1.68539e+09
755 1.66005e+09
756 1.68138e+09
757 1.64171e+09
758 1.6378e+09
759 1.60631e+09
760 1.60626e+09
761 1.62397e+09
762 1.65455e+09
763 1.5551e+09
764 1.63865e+09
765 1.60791e+09
766 1.60317e+09
767 1.47659e+09
768 1.54215e+09
769 1.60212e+09
770 1.55842e+09
771 1.53836e+09
772 1.54381e+09
773 1.52557e+09
774 1.51087e+09
775 1.51538e+09
776 1.50051e+09
777 1.52151e+09
778 1.48521e+09
779 1.51291e+09
780 1.48141e+09
781 1.56791e+09
782 1.48751e+09
783 1.47653e+09
784 1.47791e+09
785 1.44796e+09
786 1.43922e+09
787 1.41105e+09
788 1.4913e+09
789 1.42595e+09
790 1.42885e+09
791 1.39815e+09
792 1.42373e+09
793 1.38839e+09
794 1.42297e+09
795 1.40821e+09
796 1.4054e+09
797 1.41704e+09
798 1.43721e+09
799 1.40721e+09
800 1.33285e+09
801 1.39509e+09
802 1.39893e+09
803 1.35135e+09
804 1.36608e+09
805 1.38252e+09
806 1.35731e+09
807 1.31757e+09
808 1.33724e+09
809 1.3335e+09
810 1.30877e+09
811 1.30564e+09
812 1.30737e+09
813 1.31308e+09
814 1.33304e+09
815 1.29083e+09
816 1.33231e+09
817 1.30077e+09
818 1.27328e+09
819 1.28019e+09
820 1.2794e+09
821 1.27294e+09
822 1.28871e+09
823 1.25147e+09
824 1.25716e+09
825 1.26595e+09
826 1.25371e+09
827 1.2616e+09
828 1.23786e+09
829 1.22412e+09
830 1.23003e+09
831 1.24935e+09
832 1.25462e+09
833 1.22798e+09
834 1.22317e+09
835 1.21282e+09
836 1.16738e+09
837 1.20368e+09
838 1.19531e+09
839 1.13401e+09
840 1.18635e+09
841 1.19218e+09
842 1.18342e+09
843 1.20099e+09
844 1.13074e+09
845 1.19133e+09
846 1.18115e+09
847 1.16766e+09
848 1.09969e+09
849 1.1178e+09
850 1.17594e+09
851 1.09731e+09
852 1.11039e+09
853 1.17881e+09
854 1.10128e+09
855 1.1574e+09
856 1.1363e+09
857 1.09139e+09
858 1.11602e+09
859 1.10415e+09
860 1.10761e+09
861 1.09415e+09
862 1.09037e+09
863 1.02257e+09
864 1.10488e+09
865 1.06835e+09
866 1.04677e+09
867 1.06918e+09
868 1.07381e+09
869 1.06123e+09
870 1.04279e+09
871 1.09827e+09
872 1.07232e+09
873 1.06504e+09
874 1.04177e+09
875 1.06996e+09
876 1.07956e+09
877 1.00888e+09
878 1.03819e+09
879 1.01291e+09
880 1.0569e+09
881 1.0276e+09
882 1.04888e+09
883 1.02944e+09
884 1.04966e+09
885 1.00921e+09
886 1.0147e+09
887 1.03998e+09
888 9.89783e+08
889 1.00433e+09
890 9.94494e+08
891 9.88098e+08
892 9.92642e+08
893 9.96919e+08
894 1.02616e+09
895 9.78858e+08
896 9.90883e+08
897 9.93839e+08
898 9.78033e+08
899 9.81075e+08
900 9.84116e+08
901 9.68176e+08
902 9.86217e+08
903 9.46608e+08
904 9.81008e+08
905 9.49329e+08
906 9.18034e+08
907 9.24037e+08
908 9.60052e+08
909 9.39643e+08
910 9.50413e+08
911 9.51363e+08
912 9.52731e+08
913 9.52805e+08
914 9.24352e+08
915 9.31142e+08
916 9.54788e+08
917 9.54739e+08
918 9.50596e+08
919 9.16643e+08
920 9.47054e+08
921 9.24208e+08
922 8.94466e+08
923 9.18813e+08
924 9.06052e+08
925 9.28088e+08
926 9.08472e+08
927 8.81558e+08
928 9.16858e+08
929 8.9228e+08
930 8.97193e+08
931 8.88901e+08
932 8.93874e+08
933 9.06833e+08
934 9.20829e+08
935 9.02676e+08
936 8.69535e+08
937 8.83949e+08
938 8.82189e+08
939 8.51165e+08
940 8.99926e+08
941 8.5386e+08
942 8.60546e+08
943 8.49435e+08
944 8.62962e+08
945 8.70467e+08
946 8.31798e+08
947 8.43501e+08
948 8.41311e+08
949 8.76483e+08
950 8.44751e+08
951 8.79809e+08
952 8.77967e+08
953 8.55134e+08
954 8.506e+08
955 8.37963e+08
956 8.4363e+08
957 8.44809e+08
958 8.18508e+08
959 8.48721e+08
960 8.46387e+08
961 8.31437e+08
962 8.41993e+08
963 8.25191e+08
964 8.28607e+08
965 8.18219e+08
966 7.92928e+08
967 8.20115e+08
968 8.11945e+08
969 8.18326e+08
970 8.18888e+08
971 7.89516e+08
972 8.22557e+08
973 8.06632e+08
974 8.06629e+08
975 8.00535e+08
976 7.88511e+08
977 8.09027e+08
978 8.1989e+08
979 7.9414e+08
980 7.87195e+08
981 8.40655e+08
982 7.66462e+08
983 8.03879e+08
984 8.26325e+08
985 7.95587e+08
986 7.99462e+08
987 7.7983e+08
988 7.9569e+08
989 7.72379e+08
990 7.73206e+08
991 8.02998e+08
992 8.02201e+08
993 7.86674e+08
994 7.9004e+08
995 7.59536e+08
996 7.90709e+08
997 7.7667e+08
998 7.78531e+08
999 7.5778e+08
1000 7.77318e+08
1001 7.61484e+08
1002 7.62122e+08
1003 7.76879e+08
1004 7.22092e+08
1005 7.5271e+08
1006 7.59855e+08
1007 7.66824e+08
1008 7.51669e+08
1009 7.45177e+08
1010 7.47935e+08
1011 7.57221e+08
1012 7.8218e+08
1013 7.74913e+08
1014 7.68144e+08
1015 7.4899e+08
1016 7.49918e+08
1017 7.65019e+08
1018 7.3247e+08
1019 7.52232e+08
1020 7.26664e+08
1021 7.32409e+08
1022 7.42654e+08
1023 7.406e+08
1024 7.46596e+08
