"q" "I"
0.0017363316 4573.1997
0.0020034595 3525.727
0.0022705874 2774.9742
0.0025377153 2116.3985
0.0028048432 1631.4789
0.0030719711 1344.3356
0.0033390989 1138.3927
0.0036062268 992.00308
0.0038733546 847.63964
0.0041404824 731.32157
0.0044076102 645.04828
0.0046747379 581.79144
0.0049418656 527.49426
0.0052089933 480.95853
0.005476121 433.8514
0.0057432487 397.50061
0.0060103763 369.09696
0.0062775039 342.46824
0.0065446314 321.26923
0.0068117589 299.56528
0.0070788864 283.5591
0.0073460139 265.05895
0.0076131413 253.52981
0.0078802686 241.84989
0.008147396 228.78181
0.0084145233 215.45732
0.0086816505 208.90592
0.0089487777 199.24238
0.0092159049 189.13577
0.009483032 184.93478
0.009750159 175.27803
0.010017286 170.03183
0.010284413 165.60556
0.01055154 158.63562
0.010818667 153.6506
0.011085794 148.49992
0.01135292 144.31025
0.011620047 140.39687
0.011887174 137.8773
0.0121543 132.56945
0.012421427 130.11666
0.012688553 125.4691
0.012955679 122.71223
0.013222806 120.84111
0.013489932 117.60249
0.013757058 116.18067
0.014024184 111.69601
0.01429131 110.15509
0.014558436 107.61804
0.014825562 105.37636
0.015092688 102.92917
0.015359813 101.76476
0.015626939 99.494206
0.015894065 97.6493
0.01616119 96.280379
0.016428315 93.525113
0.016695441 92.740369
0.016962566 90.244957
0.017229691 89.258706
0.017496816 88.856618
0.017763941 87.615608
0.018031066 85.742863
0.018298191 84.075728
0.018565315 82.720814
0.01883244 82.209689
0.019099564 81.124202
0.019366689 79.667526
0.019633813 77.960212
0.019900937 77.465407
0.020168061 77.372692
0.020435185 76.043124
0.020702309 74.75379
0.020969433 72.957762
0.021236557 74.228429
0.02150368 72.932591
0.021770803 71.187595
0.022037927 69.920755
0.02230505 68.795321
0.022572173 67.951601
0.022839296 67.320423
0.023106419 66.929463
0.023373542 66.125011
0.023640664 65.56322
0.023907787 64.34046
0.024174909 63.802581
0.024442031 62.697423
0.024709153 62.570771
0.024976275 61.937703
0.025243397 60.160404
0.025510519 59.94052
0.025777641 59.941205
0.026044762 59.330037
0.026311883 58.335607
0.026579005 57.614428
0.026846126 57.621956
0.027113246 56.949781
0.027380367 55.76297
0.027647488 55.776753
0.027914608 54.787432
0.028181729 54.365289
0.028448849 54.044063
0.028715969 53.141298
0.028983089 52.795034
0.029250209 52.669478
0.029517328 51.00307
0.029784448 51.370999
0.030051567 50.757343
0.030318686 50.228209
0.030585805 49.537734
0.030852924 49.34248
0.031120043 48.180699
0.031387161 48.446073
0.031654279 47.724364
0.031921398 46.992332
0.032188516 46.715152
0.032455633 46.481726
0.032722751 45.83144
0.032989869 46.035391
0.033256986 44.476102
0.033524103 44.617652
0.03379122 44.707249
0.034058337 43.780593
0.034325454 43.657681
0.03459257 42.797368
0.034859686 42.425884
0.035126802 41.826514
0.035393918 41.709532
0.035661034 41.085581
0.03592815 41.20125
0.036195265 40.494002
0.03646238 40.42272
0.036729495 40.293596
0.03699661 39.423324
0.037263725 39.286661
0.037530839 38.420287
0.037797953 38.695445
0.038065067 38.207702
0.038332181 37.422074
0.038599295 37.289684
0.038663432 37.1790190583045
0.041329769 33.9735373689206
0.043996085 31.0631469948635
0.046662379 28.5395577988679
0.049328648 26.2439883573476
0.051994892 24.0681903300146
0.054661109 22.1729894168815
0.057327298 20.5039569223781
0.059993457 18.9219755904536
0.062659586 17.5576572570306
0.065325682 16.317986687543
0.067991745 15.2111536050648
0.070657773 14.1207459695548
0.073323764 13.1546241372446
0.075989718 12.2946464362993
0.078655632 11.4717101725323
0.081321506 10.7853521824312
0.083987339 10.0803996095677
0.086653128 9.51360773856728
0.089318872 8.97760697622855
0.09198457 8.55886992624994
0.094650221 8.05470514833429
0.097315824 7.58799108346107
0.099981376 7.23191740149936
0.10264688 6.81657494915138
0.10531233 6.45849642003705
0.10797772 6.13231722504604
0.11064306 5.79973445309359
0.11330834 5.55554869627313
0.11597356 5.27166502065337
0.11863873 5.05044523877416
0.12130383 4.79537542515533
0.12396887 4.57289338078408
0.12663384 4.36178510479443
0.12929876 4.18840670110722
0.1319636 3.99640900564589
0.13462838 3.85530977142165
0.13729308 3.6894239812441
0.13995772 3.53252753981772
0.14262229 3.36667592167765
0.14528678 3.25894384201729
0.14795119 3.13622285527205
0.15061554 3.00663723192125
0.1532798 2.89685561859773
0.15594398 2.78605594141921
0.15860809 2.69541303483947
0.16127211 2.58989596036222
0.16393605 2.50782019386753
0.16659991 2.42407286273035
0.16926368 2.33628863108888
0.17192736 2.25267612178264
0.17459095 2.18170211425124
0.17725446 2.120540396992
0.17991787 2.02363270449535
0.18258119 1.97968294307601
0.18524442 1.9067775057002
0.18790755 1.85313673845554
0.19057059 1.80236934012527
0.19323353 1.74828047232456
0.19589637 1.70438691076377
0.19855911 1.64294435192884
0.20122174 1.60489052871111
0.20388427 1.54386949510155
0.2065467 1.51552597176722
0.20920902 1.46924896316475
0.21187124 1.42731077816079
0.21453334 1.39544821840703
0.21719534 1.35622694695817
0.21985722 1.31934853668493
0.222519 1.29053472725636
0.22518065 1.23337297841477
0.22784219 1.21294974478222
0.23050362 1.18359977608563
0.23316492 1.15891615682367
0.23582611 1.1239589247836
0.23848718 1.11565559282788
0.24114812 1.08026532221442
0.24380894 1.05934265111104
0.24646963 1.02411645884984
0.2491302 1.01093438510347
0.25179064 0.977584211413599
0.25445095 0.984182831850483
0.25711113 0.933984450516572
0.25977118 0.922952744230111
0.2624311 0.892484193315973
0.26509088 0.886315772544746
0.26775052 0.86671169522289
0.27041003 0.84665465440118
0.2730694 0.820688216852322
0.27572863 0.814578519413191
0.27838771 0.789936511178409
0.28104666 0.7747660191436
0.28370546 0.764748170922911
0.28636411 0.760927789705304
0.28902262 0.742552118272212
0.29168098 0.731157662664838
0.2943392 0.710801721659932
0.29699726 0.701584576849703
0.29965516 0.695455900786682
0.30231292 0.679899133297465
0.30497052 0.661146728294276
0.30762796 0.659894769985836
0.31028525 0.633827551212602
0.31294238 0.626638280251013
0.31559934 0.616737379257044
0.31825615 0.605113734422927
0.32091279 0.604277308090211
0.32356927 0.591559316898972
0.32622558 0.592792927451906
0.32888173 0.572554879976296
0.33153771 0.574113966043111
0.33419351 0.555547404351434
0.33684915 0.552431755691342
0.33950462 0.538096060245923
0.34215991 0.534492829183394
0.34481502 0.524035581133111
0.34746996 0.519294868087689
0.35012473 0.514485994970593
0.35277931 0.499585908896961
0.35543371 0.494370151958238
0.35808793 0.481742059511748
0.36074197 0.468496294344762
0.36339583 0.479780610846728
0.3660495 0.46612730470355
0.36870298 0.451877249641287
0.37135627 0.441971380558792
0.37400937 0.441065400986719
0.37666229 0.43113618977401
0.379315 0.42197445623686
0.38196753 0.416553693359456
0.38461986 0.39738544094635
0.387272 0.402639917432153
0.38992393 0.391357125528781
0.39257567 0.385609336252719
0.39522721 0.379108368984472
0.39787855 0.364021361865839
0.40052968 0.357565790835072
0.40318061 0.347810515293122
0.40583133 0.334208730067988
0.40848185 0.333875868136775
0.41113216 0.326670273455745
0.41378226 0.324362793481992
0.41643214 0.304150164745029
0.41908182 0.299970241120795
0.42173128 0.287134224969346
0.42438053 0.283320520442138
0.42702956 0.273444407318432
0.42967837 0.264657199312035
0.43232696 0.263440543346926
0.43497534 0.268484020644397
0.43762349 0.261987561456479
0.44027142 0.248830325524124
0.44291913 0.243339741288299
0.44556661 0.233059882913179
0.44821386 0.236127233341225
0.45086088 0.226336171790182
0.45350768 0.227585766970801
0.45615424 0.219989425555689
0.45880058 0.220247784559346
0.46144668 0.213357056288869
0.46409254 0.202199420787067
0.46673817 0.206984822971654
0.46938356 0.206311920352741
0.47202871 0.204973469988826
0.47467363 0.193416820748493
0.4773183 0.195163718961902
0.47996273 0.195618433121522
0.48260691 0.182557136498694
0.48525085 0.187834127099957
0.48789455 0.183890445285277
0.49053799 0.181903885429948
0.49318119 0.186724545271356
0.49582414 0.182074845504829
0.49846683 0.183427466749823
0.50110927 0.196137159393192
0.50375146 0.191680053229887
0.50639339 0.191455382597946
0.50903507 0.198254585008968
0.51167648 0.195064238903568
0.51431764 0.196585304635762
0.51695854 0.199414607393503
0.51959917 0.204489657024985
0.52223954 0.21083817494819
0.52487965 0.206439474054171
0.52751949 0.210920944880197
0.53015906 0.216598092668939
0.53279837 0.219725620054982
0.5354374 0.219575026514437
0.53807616 0.221363062603732
0.54071466 0.230327334336628
0.54335287 0.22284488569381
0.54599082 0.23767348386504
0.54862848 0.23928410136437
0.55126587 0.247991133884991
0.55390298 0.246460258149423
0.55653981 0.254871891806379
0.55917636 0.243025542546786
0.56181262 0.242299552353342
0.5644486 0.24203986589746
0.5670843 0.245111380056841
0.56971971 0.240023907575428
0.57235483 0.240354755985047
0.57498966 0.248563604885758
0.5776242 0.252021370841983
0.58025845 0.252428207348479
0.58289241 0.242939881134685
0.58552607 0.249515072696951
0.58815944 0.241208168449007
0.59079251 0.247481786523299
0.59342528 0.249737077909968
0.59605775 0.242517456921862
0.59868992 0.242100878756067
0.60132179 0.243755404694938
0.60395336 0.239224381785951
0.60658462 0.235617880722297
0.60921558 0.241904455256028
0.61184623 0.240668047853258
0.61447657 0.239496186172046
0.6171066 0.235434132419544
0.61973632 0.232258007138972
0.62236573 0.23267691688917
0.62499483 0.232444986013575
0.62762361 0.237077279069935
0.63025207 0.229515666959374
0.63288022 0.230345642662861
0.63550805 0.2193861576633
0.63813556 0.234519867442691
0.64076275 0.225533081594335
0.64338961 0.221639782505987
0.64601616 0.224561636284309
0.64864237 0.224010383490197
0.65126827 0.224994170162988
0.65389383 0.216394803217986
0.65651907 0.220208733806364
0.65914397 0.218235317042373
0.66176855 0.222318991180125
0.66439279 0.211192880697205
0.6670167 0.210488205969293
0.66964028 0.211661195327742
0.67226352 0.210740030227937
0.67488642 0.209388226483224
0.67750898 0.202608604649677
0.68013121 0.206578919624643
0.68275309 0.2075351452349
0.68537463 0.208161011358535
0.68799583 0.208759978831438
0.69061668 0.192001735647608
0.69323719 0.197487380709708
0.69585735 0.194747209140181
0.69847716 0.197089520934596
0.70109662 0.189185144887808
0.70371573 0.192076383149168
0.70633449 0.196935200013348
0.7089529 0.191000770954439
0.71157095 0.187543630609362
0.71418864 0.194433559779886
0.71680598 0.189095811295987
0.71942296 0.187620491407503
0.72203958 0.188790988835834
0.72465584 0.187207259472762
0.72727173 0.178984452609051
0.72988727 0.188399884609669
0.73250244 0.187477434115531
0.73511724 0.176534546211711
0.73773168 0.18367188356219
0.74034575 0.185432805454055
0.74295945 0.183308327255468
0.74557278 0.181637072789943
0.74818573 0.17377397393581
0.75079832 0.179692460424926
0.75341053 0.174567890253904
0.75602236 0.165672948327813
0.75863382 0.17385306643086
0.7612449 0.166506979989287
0.7638556 0.158449279267575
0.76646592 0.167838506572685
0.76907586 0.167317475002794
0.77168542 0.161990998034027
0.77429459 0.167213452692095
0.77690338 0.16366592730789
0.77951178 0.157183523341848
0.78211979 0.16384442888858
0.78472742 0.163271865886174
0.78733465 0.163251486208746
0.7899415 0.163661095907514
0.79254795 0.163206276603163
0.795154 0.168154285113777
0.79775967 0.162647109039448
0.80036493 0.16227884224879
0.8029698 0.165330339480065
0.80557428 0.169773414079058
0.80817835 0.157495103979567
0.81078202 0.168891462706567
0.81338529 0.163272207606549
0.81598816 0.171070040497718
0.81859062 0.167107188170013
0.82119267 0.17213604509268
0.82379432 0.17328823156616
0.82639557 0.158553843073638
0.8289964 0.172639430748141
0.83159682 0.172341955276046
0.83419683 0.170502519185148
0.83679643 0.177434921569638
0.83939562 0.184647208712778
0.84199439 0.181074848143182
0.84459274 0.180493860419228
0.84719068 0.193569404153066
0.8497882 0.179961762366431
0.85238529 0.180975449572015
0.85498197 0.199981453151178
0.85757823 0.192233963557068
0.86017406 0.180852821901218
0.86276947 0.206762439237606
0.86536445 0.187617555240898
0.86795901 0.211859422059912
0.87055313 0.208502376869842
0.87314683 0.198466409583435
0.8757401 0.218015761701581
0.87833294 0.20786869323548
0.88092534 0.240872617441307
0.88351731 0.224523197999384
0.88610885 0.222173993967872
0.88869995 0.223929755882078
0.89129061 0.221018918642916
0.89388083 0.222647852354334
0.89647062 0.226832565321052
0.89905996 0.21878671441049
0.90164887 0.250507836101126
0.90423733 0.22967182528479
0.90682534 0.233381044864483
0.90941291 0.243075625610636
0.91200003 0.225262418028568
0.91458671 0.234925216151248
0.91717294 0.219498255089317
0.91975872 0.239252066393544
0.92234404 0.232679718996244
0.92492892 0.220241715079767
0.92751334 0.221839121143685
0.9300973 0.232946321346787
0.93268082 0.201078041719683
0.93526387 0.21641321668895
0.93784647 0.226215930904772
0.9404286 0.232139997950471
0.94301028 0.24001298040929
0.9455915 0.240134785322569
0.94817225 0.215301863171637
0.95075254 0.256799578498371
0.95333237 0.286601982342544
0.95591173 0.247641107076492
0.95849062 0.268418410332441
0.96106905 0.265533869790426
0.963647 0.257016670823847
0.96622449 0.297728529176095
0.9688015 0.297499839386824
0.97137804 0.300899667967815
0.97395411 0.280527271812554
0.9765297 0.290304286027575
0.97910482 0.271059461964337
0.98167946 0.237511040513345
0.98425363 0.214716517198595
0.98682731 0.234994014977163
0.98940051 0.238856017736418
0.99197323 0.192506243723069
0.99454547 0.213224573928187
0.99711723 0.168775921790619
0.9996885 0.131825839611704
1.0022593 0.179282109455807
1.0048296 0.130597791215024
1.0073994 0.0990310482752381
1.0099687 0.0336374869237497
1.0125375 0.0365318847842673
1.0151059 NA
1.0176737 NA
1.0202411 0.0139760386938966
1.0228079 0.00894972548512711
1.0253743 NA
1.0279402 NA
1.0305055 NA
1.0330704 NA
1.0356348 NA
1.0381986 NA
1.040762 0.0460063056074265
1.0433249 NA
1.0458872 NA
1.0484491 0.0420275475105849
