0.00723 2.0863
0.00766 1.8646
0.00808 1.676
0.00851 1.5228
0.00893 1.3838
0.00936 1.2609
0.00979 1.1615
0.01021 1.0748
0.01064 0.99031
0.01106 0.91741
0.01149 0.85884
0.01191 0.80937
0.01234 0.75479
0.01276 0.70918
0.01319 0.66874
0.01362 0.63094
0.01404 0.59548
0.01447 0.56397
0.01489 0.53737
0.01532 0.51025
0.01574 0.48982
0.01617 0.47023
0.01659 0.44779
0.01702 0.42972
0.01744 0.41285
0.01787 0.3966
0.0183 0.38265
0.01872 0.36746
0.01915 0.35439
0.01957 0.34224
0.02 0.33168
0.02042 0.32071
0.02085 0.3056604
0.02127 0.2980895
0.0217 0.2901254
0.02212 0.2806758
0.02255 0.2716495
0.02298 0.2645722
0.0234 0.2567148
0.02383 0.2482122
0.02425 0.2425102
0.02468 0.2372993
0.0251 0.2317458
0.02553 0.224335
0.02595 0.2199159
0.02638 0.2132252
0.0268 0.2078667
0.02723 0.202114
0.02766 0.199088
0.02808 0.194543
0.02851 0.192791
0.02893 0.186264
0.02936 0.179222
0.02978 0.175362
0.03021 0.172621
0.03063 0.171595
0.03106 0.165988
0.03148 0.165706
0.03191 0.161393
0.03234 0.158431
0.03276 0.155337
0.03319 0.151167
0.03361 0.149653
0.03404 0.14472
0.03446 0.143529
0.03489 0.141065
0.03531 0.138701
0.03574 0.136043
0.03616 0.134516
0.03659 0.13337
0.03702 0.128694
0.03744 0.127798
0.03787 0.124884
0.03829 0.122251
0.03872 0.1206
0.03914 0.119613
0.03957 0.119227
0.03999 0.116909
0.04042 0.114456
0.04084 0.113632
0.04127 0.110587
0.0417 0.111226
0.04212 0.108726
0.04255 0.106616
0.04297 0.104769
0.0434 0.103175
0.04382 0.103514
0.04425 0.100015
0.04467 0.099149
0.0451 0.099082
0.04552 0.097454
0.04595 0.097773
0.04638 0.0957
0.0468 0.094572
0.04723 0.094199
0.04765 0.091886
0.04808 0.090208
0.0485 0.091753
0.04893 0.087408
0.04935 0.088808
0.04978 0.085325
0.0502 0.086274
0.05063 0.086343
0.05106 0.08551
0.05148 0.083366
0.05191 0.082328
0.05233 0.082624
0.05276 0.082233
0.05318 0.079288
0.05361 0.079545
0.05403 0.077189
0.05446 0.078278
0.05488 0.078005
0.05531 0.076108
0.05574 0.076704
0.05616 0.074639
0.05659 0.073479
0.05701 0.07258
0.05744 0.072689
0.05786 0.071635
0.05829 0.072049
0.05871 0.070263
0.05914 0.07146
0.05956 0.068284
0.05999 0.069423
0.06042 0.067928
0.06084 0.068041
0.06127 0.067731
0.06169 0.066933
0.06212 0.066439
0.06254 0.066236
0.06297 0.064896
0.06339 0.0639
0.06382 0.063379
0.06424 0.063219
0.06467 0.061904
0.06531 0.061701
0.06616 0.060134
0.06701 0.059808
0.06786 0.059071
0.06871 0.058342
0.06956 0.057925
0.07041 0.056895
0.07126 0.055572
0.07211 0.05579
0.07297 0.054682
0.07382 0.053628
0.07467 0.051976
0.07552 0.052771
0.07637 0.050894
0.07722 0.050579
0.07807 0.05041
0.07892 0.049362
0.07977 0.048214
0.08062 0.048254
0.08147 0.047955
0.08232 0.046533
0.08318 0.045877
0.08403 0.045215
0.08488 0.044833
0.08573 0.043811
0.08658 0.043896
0.08743 0.042784
0.08828 0.041665
0.08934 0.04218
0.09041 0.041146
0.09126 0.041038
0.09211 0.039938
0.09296 0.040103
0.09381 0.03988
0.09487 0.039257
0.09594 0.037828
0.09679 0.037849
0.09764 0.03732
0.0987 0.037246
0.09977 0.036434
0.10062 0.036477
0.10168 0.035387
0.10274 0.034157
0.10381 0.034596
0.10487 0.034166
0.10593 0.03365
0.107 0.032908
0.10806 0.033096
0.10912 0.032399
0.11019 0.031703
0.11125 0.031821
0.11231 0.031365
0.11359 0.030755
0.11465 0.030845
0.11572 0.030103
0.11699 0.029575
0.11827 0.029324
0.11933 0.028731
0.1204 0.028666
0.12167 0.027964
0.12295 0.027258
0.12422 0.026536
0.1255 0.026868
0.12678 0.026063
0.12805 0.026198
0.12933 0.025281
0.1306 0.025203
0.13188 0.024838
0.13316 0.025003
0.13443 0.024455
0.13571 0.023574
0.13698 0.023422
0.13847 0.023264
0.13996 0.023155
0.14124 0.02277
0.14273 0.022305
0.14421 0.021503
0.14549 0.021494
0.14698 0.021186
0.14847 0.020983
0.14996 0.020887
0.15144 0.020866
0.15293 0.020665
0.15463 0.01972
0.15612 0.019252
0.15761 0.018834
0.15931 0.018918
0.1608 0.018701
0.16229 0.017986
0.16399 0.018784
0.16569 0.018333
0.16739 0.017669
0.16909 0.017294
0.17079 0.017188
0.17249 0.017138
0.1742 0.016137
0.1759 0.016545
0.1776 0.015916
0.1793 0.015933
0.18121 0.015554
0.18313 0.015492
0.18483 0.014855
0.18674 0.015037
0.18865 0.014548
0.19057 0.014575
0.19248 0.014402
0.19439 0.013507
0.19631 0.013039
0.19822 0.013341
0.20034 0.013031
0.20226 0.012851
0.20417 0.012648
0.2063 0.01224
0.20842 0.012102
0.21055 0.011557
0.21267 0.011607
0.2148 0.011265
0.21692 0.011301
0.21905 0.01085
0.22117 0.010736
0.2233 0.010498
0.22564 0.01014
0.22798 0.009959
0.2301 0.009762
0.23244 0.009614
0.23478 0.009188
0.23711 0.008819
0.23945 0.008913
0.24179 0.008738
0.24434 0.008628
0.24689 0.007769
0.24923 0.008145
0.25156 0.007625
0.25411 0.007333
0.25666 0.007594
0.25921 0.007117
0.26176 0.007297
0.26452 0.007019
0.26728 0.00651700000000001
0.26983 0.006377
0.27259 0.006316
0.27536 0.006573
0.27812 0.00614
0.28088 0.005979
0.28364 0.005956
0.28661 0.005642
0.28938 0.005491
0.29214 0.005513
0.29511 0.005366
0.29808 0.00491
0.30106 0.00514
0.30403 0.004702
0.307 0.00499
0.31019 0.004746
0.31337 0.004835
0.31634 0.004239
0.31953 0.004521
0.32271 0.004612
0.3259 0.004177
0.32929 0.004162
0.33269 0.004129
0.33609 0.003997
0.33927 0.003872
0.34267 0.003355
0.34628 0.00331
0.34967 0.003118
0.35307 0.00353
0.35646 0.003281
0.36007 0.00298
