q
0.025331475 60.224865
0.027997898 49.9783625
0.030664307 42.656465
0.033330699 36.0822825
0.035997075 30.8167825
0.038663432 26.7421175
0.041329769 23.37944925
0.043996085 20.499723
0.046662379 18.349888
0.049328648 16.44599875
0.051994892 14.8474805
0.054661109 13.4620575
0.057327298 12.32532275
0.059993457 11.312906
0.062659586 10.42772125
0.065325682 9.68495825
0.067991745 9.04160275
0.070657773 8.39726375
0.073323764 7.85069125
0.075989718 7.3873485
0.078655632 6.96982325
0.081321506 6.521598
0.083987339 6.19002725
0.086653128 5.83091875
0.089318872 5.63002925
0.09198457 5.40355925
0.094650221 5.06686675
0.097315824 4.83314775
0.099981376 4.6508185
0.10264688 4.45005525
0.10531233 4.25149125
0.10797772 4.064622
0.11064306 3.8967365
0.11330834 3.74166275
0.11597356 3.626469
0.11863873 3.45490425
0.12130383 3.364626
0.12396887 3.23727575
0.12663384 3.10678
0.12929876 3.03053425
0.1319636 2.959426
0.13462838 2.8401235
0.13729308 2.7464375
0.13995772 2.66365775
0.14262229 2.593245
0.14528678 2.52583225
0.14795119 2.44277615
0.15061554 2.384325975
0.1532798 2.324845375
0.15594398 2.26545625
0.15860809 2.1993616
0.16127211 2.133371975
0.16393605 2.0995801
0.16659991 2.042547875
0.16926368 1.987290975
0.17192736 1.93230885
0.17459095 1.90665495
0.17725446 1.8607209
0.17991787 1.803659825
0.18258119 1.79187115
0.18524442 1.735259675
0.18790755 1.7078642
0.19057059 1.66371185
0.19323353 1.6347036
0.19589637 1.594073175
0.19855911 1.5590261
0.20122174 1.52478535
0.20388427 1.497098525
0.2065467 1.47384135
0.20920902 1.4420554
0.21187124 1.415493575
0.21453334 1.38354655
0.21719534 1.371720275
0.21985722 1.3366521
0.222519 1.311625325
0.22518065 1.309242475
0.22784219 1.276903775
0.23050362 1.241126725
0.23316492 1.2385842
0.23582611 1.214868325
0.23848718 1.1940398
0.24114812 1.17547895
0.24380894 1.169633525
0.24646963 1.1507837
0.2491302 1.135481725
0.25179064 1.133229625
0.25445095 1.12166905
0.25711113 1.106522725
0.25977118 1.114534025
0.2624311 1.11331165
0.26509088 1.11373975
0.26775052 1.1225611
0.27041003 1.1298198
0.2730694 1.14102045
0.27572863 1.168586125
0.27838771 1.165595725
0.28104666 1.1654263
0.28370546 1.155863775
0.28636411 1.13810225
0.28902262 1.09578245
0.29168098 1.0892382
0.2943392 1.06916025
0.29699726 1.034683125
0.29965516 1.026206225
0.30231292 1.000801475
0.30497052 0.970528775
0.30762796 0.951953325
0.31028525 0.938137175
0.31294238 0.91621015
0.31559934 0.89610855
0.31825615 0.89025285
0.32091279 0.8682256
0.32356927 0.854015625
0.32622558 0.843821
0.32888173 0.83140505
0.33153771 0.817415
0.33419351 0.799918975
0.33684915 0.7927258
0.33950462 0.785874075
0.34215991 0.773578225
0.34481502 0.76599235
0.34746996 0.75470595
0.35012473 0.7450798
0.35277931 0.734526875
0.35543371 0.7176054
0.35808793 0.703772925
0.36074197 0.695022875
0.36339583 0.686227975
0.3660495 0.6733894
0.36870298 0.67049285
0.37135627 0.658273925
0.37400937 0.668361425
0.37666229 0.67343285
0.379315 0.6568629
0.38196753 0.6564687
0.38461986 0.65063505
0.387272 0.64346965
0.38992393 0.648897025
0.39257567 0.648337875
0.39522721 0.648807975
0.39787855 0.6384982
0.40052968 0.624894825
0.40318061 0.632629375
0.40583133 0.62938165
0.40848185 0.62560425
0.41113216 0.629850925
0.41378226 0.636313925
0.41643214 0.639395975
0.41908182 0.632215875
0.42173128 0.63196775
0.42438053 0.6426426
0.42702956 0.653740675
0.42967837 0.6385832
0.43232696 0.646992775
0.43497534 0.65746555
0.43762349 0.648875975
0.44027142 0.6597839
0.44291913 0.660444525
0.44556661 0.6726248
0.44821386 0.658621875
0.45086088 0.6693111
0.45350768 0.673241325
0.45615424 0.673465825
0.45880058 0.68162455
0.46144668 0.68659735
0.46409254 0.701316925
0.46673817 0.699542025
0.46938356 0.7100443
0.47202871 0.7106372
0.47467363 0.7090495
0.4773183 0.718485025
0.47996273 0.725002675
0.48260691 0.72288615
0.48525085 0.74422855
0.48789455 0.744570475
0.49053799 0.759561525
0.49318119 0.757064175
0.49582414 0.76526065
0.49846683 0.774961125
0.50110927 0.77729265
0.50375146 0.785860825
0.50639339 0.781414225
0.50903507 0.801898625
0.51167648 0.8045097
0.51431764 0.79881315
0.51695854 0.8068284
0.51959917 0.825047775
0.52223954 0.82350385
0.52487965 0.82874555
0.52751949 0.836454275
0.53015906 0.8465811
0.53279837 0.8460103
0.5354374 0.8597132
0.53807616 0.862142025
0.54071466 0.8630906
0.54335287 0.8644487
0.54599082 0.872835
0.54862848 0.88039925
0.55126587 0.880340425
0.55390298 0.88481375
0.55653981 0.8993241
0.55917636 0.879303025
0.56181262 0.876995375
0.5644486 0.88222345
0.5670843 0.87715125
0.56971971 0.879427625
0.57235483 0.877468725
0.57498966 0.87572535
0.5776242 0.85975305
0.58025845 0.872912025
0.58289241 0.864181525
0.58552607 0.875733525
0.58815944 0.862481975
0.59079251 0.8681019
0.59342528 0.858325925
0.59605775 0.8639593
0.59868992 0.864852075
0.60132179 0.8626215
0.60395336 0.862781175
0.60658462 0.8619037
0.60921558 0.86698505
0.61184623 0.86398495
0.61447657 0.8556572
0.6171066 0.8647816
0.61973632 0.85458145
0.62236573 0.8581032
0.62499483 0.862230625
0.62762361 0.851924675
0.63025207 0.8620508
0.63288022 0.8597305
0.63550805 0.864872575
0.63813556 0.8609862
0.64076275 0.87038595
0.64338961 0.867866825
0.64601616 0.8634219
0.64864237 0.859859625
0.65126827 0.867675475
0.65389383 0.864057525
0.65651907 0.857126075
0.65914397 0.864983225
0.66176855 0.868406175
0.66439279 0.879719875
0.6670167 0.86960965
0.66964028 0.8803764
0.67226352 0.872531025
0.67488642 0.87563255
0.67750898 0.88158565
0.68013121 0.88524135
0.68275309 0.881267925
0.68537463 0.8850739
0.68799583 0.88872715
0.69061668 0.886656325
0.69323719 0.8908806
0.69585735 0.8913016
0.69847716 0.893905
0.70109662 0.8884
0.70371573 0.8939851
0.70633449 0.902186575
0.7089529 0.899160225
0.71157095 0.902143875
0.71418864 0.9041742
0.71680598 0.90764785
0.71942296 0.903786575
0.72203958 0.9131357
0.72465584 0.90667185
0.72727173 0.9110581
0.72988727 0.913866175
0.73250244 0.909639625
0.73511724 0.9164356
0.73773168 0.924308825
0.74034575 0.92923255
0.74295945 0.935465675
0.74557278 0.9203431
0.74818573 0.91930055
0.75079832 0.92648115
0.75341053 0.9157351
0.75602236 0.927899175
0.75863382 0.92854075
0.7612449 0.94003975
0.7638556 0.9378208
0.76646592 0.938558075
0.76907586 0.945541425
0.77168542 0.9483839
0.77429459 0.955414525
0.77690338 0.9554496
0.77951178 0.968774425
0.78211979 0.96583245
0.78472742 0.966022475
0.78733465 0.95995575
0.7899415 0.97354015
0.79254795 0.9798667
0.795154 0.9936134
0.79775967 0.999796375
0.80036493 1.001238925
0.8029698 1.00405495
0.80557428 1.010132525
0.80817835 1.021298575
0.81078202 1.002601575
0.81338529 1.0227053
0.81598816 1.03339465
0.81859062 1.0474305
0.82119267 1.0607317
0.82379432 1.075465025
0.82639557 1.059831525
0.8289964 1.08788805
0.83159682 1.0818652
0.83419683 1.09593115
0.83679643 1.09405695
0.83939562 1.102917875
0.84199439 1.114889725
0.84459274 1.1108263
0.84719068 1.129978275
0.8497882 1.129001425
0.85238529 1.1391894
0.85498197 1.134262425
0.85757823 1.144062325
0.86017406 1.1526684
0.86276947 1.1469649
0.86536445 1.1478114
0.86795901 1.159298175
0.87055313 1.174033525
0.87314683 1.163546925
0.8757401 1.178203525
0.87833294 1.19066025
0.88092534 1.195215675
0.88351731 1.17269965
0.88610885 1.192120925
0.88869995 1.205921775
0.89129061 1.203219975
0.89388083 1.1984972
0.89647062 1.20459635
0.89905996 1.197156
0.90164887 1.193832125
0.90423733 1.217214275
0.90682534 1.194867475
0.90941291 1.20176855
0.91200003 1.192880225
0.91458671 1.194413525
0.91717294 1.192594525
0.91975872 1.164769125
0.92234404 1.156534475
0.92492892 1.226039625
0.92751334 1.177052075
0.9300973 1.1761681
0.93268082 1.18609035
0.93526387 1.19145285
0.93784647 1.1676902
0.9404286 1.184255
0.94301028 1.159803
0.9455915 1.1771201
0.94817225 1.183659975
0.95075254 1.21107995
0.95333237 1.19263745
0.95591173 1.200830225
0.95849062 1.201788325
0.96106905 1.198202775
0.963647 1.22253905
0.96622449 1.2175527
0.9688015 1.2043273
0.97137804 1.20473315
0.97395411 1.2119323
0.9765297 1.200144175
0.97910482 1.2092007
0.98167946 1.175536775
0.98425363 1.18105185
0.98682731 1.201382675
0.98940051 1.1423802
0.99197323 1.12376655
0.99454547 1.1246723
0.99711723 1.104995725
0.9996885 1.1053757
1.0022593 1.11845665
1.0048296 1.0408641
1.0073994 1.0566808
1.0099687 1.017280775
1.0125375 1.008247525
1.0151059 0.997841875
1.0176737 0.95761135
1.0202411 1.023174
1.0228079 0.9204351
1.0253743 0.961461425
1.0279402 0.91177195
1.0305055 0.9389098
1.0330704 0.91358395
1.0356348 0.91739355
1.0381986 0.9183337
1.040762 0.936514125
1.0433249 0.88052725
1.0458872 0.964872175
1.0484491 0.879311425
