# input_file=p1_0_0.tif
# Nx=2048
# Ny=2048
0 2.90058e+17
1 1.38074e+13
2 1.11158e+13
3 6.49292e+12
4 3.37766e+12
5 4.86456e+12
6 8.2741e+12
7 4.23819e+12
8 2.77503e+12
9 3.31882e+12
10 2.81261e+12
11 2.43218e+12
12 2.47735e+12
13 1.59288e+12
14 1.29279e+12
15 1.55852e+12
16 1.26469e+12
17 1.06685e+12
18 9.04455e+11
19 9.1244e+11
20 5.37091e+11
21 6.28517e+11
22 4.83082e+11
23 6.67954e+11
24 4.96154e+11
25 4.69508e+11
26 3.86193e+11
27 5.10843e+11
28 3.60896e+11
29 3.69831e+11
30 3.83463e+11
31 3.3044e+11
32 3.72869e+11
33 2.91536e+11
34 2.97071e+11
35 2.58058e+11
36 2.81348e+11
37 2.88864e+11
38 2.46675e+11
39 2.75589e+11
40 1.89957e+11
41 2.56461e+11
42 2.4553e+11
43 2.44952e+11
44 2.47179e+11
45 2.01781e+11
46 1.86548e+11
47 2.22621e+11
48 2.02866e+11
49 1.88064e+11
50 1.79416e+11
51 1.96889e+11
52 1.76343e+11
53 1.53715e+11
54 1.77952e+11
55 1.49954e+11
56 1.52237e+11
57 1.3813e+11
58 1.52911e+11
59 1.62027e+11
60 1.31491e+11
61 1.5291e+11
62 1.3961e+11
63 1.2145e+11
64 1.27321e+11
65 1.38647e+11
66 1.40291e+11
67 1.37266e+11
68 1.05984e+11
69 1.35965e+11
70 1.41268e+11
71 1.24437e+11
72 1.24685e+11
73 1.13919e+11
74 1.14555e+11
75 1.11304e+11
76 1.23449e+11
77 1.14721e+11
78 1.09818e+11
79 1.05075e+11
80 9.75874e+10
81 1.00481e+11
82 1.09724e+11
83 1.03163e+11
84 9.98276e+10
85 9.1888e+10
86 8.94219e+10
87 8.87218e+10
88 8.85581e+10
89 8.63884e+10
90 9.42522e+10
91 8.86474e+10
92 9.00918e+10
93 8.08746e+10
94 7.85994e+10
95 8.2156e+10
96 7.58551e+10
97 7.30823e+10
98 8.40196e+10
99 7.49374e+10
100 7.38012e+10
101 8.03056e+10
102 7.22135e+10
103 7.03281e+10
104 6.53207e+10
105 6.69883e+10
106 6.67951e+10
107 6.93614e+10
108 5.96449e+10
109 6.62136e+10
110 6.79132e+10
111 6.00936e+10
112 6.33041e+10
113 6.12819e+10
114 7.00143e+10
115 5.47795e+10
116 6.63566e+10
117 5.91136e+10
118 5.97418e+10
119 5.95193e+10
120 5.99792e+10
121 5.56561e+10
122 5.63604e+10
123 5.99751e+10
124 5.5971e+10
125 5.79706e+10
126 5.37686e+10
127 5.88677e+10
128 5.43496e+10
129 4.95597e+10
130 5.58072e+10
131 4.77287e+10
132 5.00256e+10
133 5.18467e+10
134 5.20432e+10
135 4.92906e+10
136 5.17455e+10
137 4.91557e+10
138 4.82492e+10
139 4.56436e+10
140 4.57745e+10
141 4.58992e+10
142 4.31345e+10
143 4.45671e+10
144 4.51262e+10
145 4.62628e+10
146 4.35913e+10
147 4.12416e+10
148 4.23352e+10
149 4.22185e+10
150 4.05798e+10
151 4.32858e+10
152 4.12041e+10
153 4.18095e+10
154 4.07113e+10
155 3.77096e+10
156 3.79464e+10
157 3.82574e+10
158 3.87495e+10
159 3.33981e+10
160 3.95576e+10
161 3.72185e+10
162 3.74149e+10
163 3.39976e+10
164 4.10712e+10
165 3.60711e+10
166 3.55708e+10
167 3.28047e+10
168 3.20179e+10
169 3.40726e+10
170 3.52012e+10
171 3.15002e+10
172 3.20135e+10
173 3.19555e+10
174 3.21023e+10
175 3.06939e+10
176 3.04419e+10
177 3.20157e+10
178 3.24853e+10
179 3.23929e+10
180 2.95011e+10
181 3.15346e+10
182 2.85119e+10
183 2.94278e+10
184 2.91186e+10
185 3.00344e+10
186 2.83391e+10
187 2.74355e+10
188 2.83965e+10
189 3.03821e+10
190 2.92601e+10
191 2.62144e+10
192 2.99863e+10
193 2.72097e+10
194 2.62002e+10
195 2.9607e+10
196 2.57184e+10
197 2.66806e+10
198 2.52951e+10
199 2.83329e+10
200 2.83795e+10
201 2.69376e+10
202 2.81254e+10
203 2.60681e+10
204 2.49402e+10
205 2.43585e+10
206 2.54198e+10
207 2.37507e+10
208 2.41466e+10
209 2.64632e+10
210 2.48585e+10
211 2.38021e+10
212 2.52823e+10
213 2.15884e+10
214 2.41088e+10
215 2.37401e+10
216 2.29807e+10
217 2.27337e+10
218 2.41601e+10
219 2.23874e+10
220 2.18255e+10
221 2.03348e+10
222 2.31074e+10
223 2.34565e+10
224 2.29454e+10
225 2.09266e+10
226 2.19641e+10
227 2.29485e+10
228 2.02141e+10
229 2.12986e+10
230 2.08329e+10
231 2.21778e+10
232 2.06302e+10
233 2.14019e+10
234 2.13998e+10
235 2.04025e+10
236 2.10712e+10
237 2.05329e+10
238 2.09905e+10
239 2.05159e+10
240 1.97402e+10
241 1.99516e+10
242 1.93343e+10
243 1.9109e+10
244 1.9226e+10
245 1.91831e+10
246 1.9357e+10
247 1.91017e+10
248 1.79759e+10
249 1.95897e+10
250 1.90796e+10
251 1.87284e+10
252 1.88256e+10
253 1.89947e+10
254 1.83084e+10
255 1.92215e+10
256 1.77992e+10
257 1.75458e+10
258 1.85908e+10
259 1.77614e+10
260 1.82221e+10
261 1.77823e+10
262 1.79299e+10
263 1.83366e+10
264 1.82268e+10
265 1.74733e+10
266 1.72214e+10
267 1.76894e+10
268 1.68726e+10
269 1.62286e+10
270 1.66759e+10
271 1.77501e+10
272 1.54203e+10
273 1.58408e+10
274 1.76143e+10
275 1.57411e+10
276 1.59142e+10
277 1.68333e+10
278 1.71396e+10
279 1.64713e+10
280 1.59459e+10
281 1.66866e+10
282 1.60616e+10
283 1.63506e+10
284 1.51955e+10
285 1.48947e+10
286 1.54014e+10
287 1.57991e+10
288 1.5882e+10
289 1.53232e+10
290 1.54699e+10
291 1.6285e+10
292 1.45393e+10
293 1.52701e+10
294 1.47433e+10
295 1.5818e+10
296 1.43577e+10
297 1.39654e+10
298 1.4116e+10
299 1.4347e+10
300 1.36609e+10
301 1.45253e+10
302 1.40758e+10
303 1.33796e+10
304 1.39777e+10
305 1.4168e+10
306 1.36012e+10
307 1.30009e+10
308 1.38209e+10
309 1.37138e+10
310 1.34967e+10
311 1.32466e+10
312 1.27774e+10
313 1.34779e+10
314 1.38774e+10
315 1.24175e+10
316 1.43341e+10
317 1.32095e+10
318 1.30046e+10
319 1.39801e+10
320 1.31687e+10
321 1.24217e+10
322 1.27628e+10
323 1.25691e+10
324 1.27925e+10
325 1.25087e+10
326 1.31294e+10
327 1.23945e+10
328 1.23524e+10
329 1.19033e+10
330 1.17879e+10
331 1.1945e+10
332 1.18028e+10
333 1.24734e+10
334 1.18178e+10
335 1.11349e+10
336 1.12657e+10
337 1.19736e+10
338 1.20623e+10
339 1.19733e+10
340 1.25207e+10
341 1.21612e+10
342 1.19423e+10
343 1.16441e+10
344 1.17004e+10
345 1.19492e+10
346 1.14501e+10
347 1.0925e+10
348 1.08609e+10
349 1.12001e+10
350 1.11592e+10
351 1.06209e+10
352 1.11016e+10
353 1.01505e+10
354 1.07657e+10
355 1.08263e+10
356 1.0706e+10
357 1.08758e+10
358 1.08198e+10
359 1.03588e+10
360 1.00588e+10
361 1.0362e+10
362 1.03519e+10
363 1.05554e+10
364 9.56937e+09
365 1.0186e+10
366 9.94633e+09
367 9.96147e+09
368 1.00767e+10
369 9.97504e+09
370 9.89499e+09
371 9.81421e+09
372 9.73817e+09
373 9.69472e+09
374 9.6741e+09
375 9.66334e+09
376 9.28352e+09
377 1.03686e+10
378 9.49307e+09
379 9.41952e+09
380 9.20324e+09
381 9.62756e+09
382 9.45267e+09
383 9.42915e+09
384 9.22044e+09
385 9.38233e+09
386 8.83219e+09
387 9.15597e+09
388 9.16397e+09
389 8.90898e+09
390 8.87903e+09
391 8.77507e+09
392 8.87304e+09
393 8.66958e+09
394 8.88189e+09
395 8.39783e+09
396 8.95982e+09
397 8.63559e+09
398 8.49559e+09
399 8.3573e+09
400 7.98221e+09
401 8.25531e+09
402 8.31732e+09
403 8.4248e+09
404 8.16034e+09
405 8.11817e+09
406 8.14706e+09
407 8.23384e+09
408 8.38117e+09
409 8.1324e+09
410 8.22278e+09
411 7.68996e+09
412 7.46031e+09
413 7.85207e+09
414 7.80311e+09
415 7.43419e+09
416 7.72899e+09
417 7.9783e+09
418 7.44841e+09
419 7.72024e+09
420 7.57764e+09
421 7.65068e+09
422 7.00128e+09
423 7.48197e+09
424 7.30782e+09
425 7.5929e+09
426 7.53371e+09
427 6.83245e+09
428 7.34073e+09
429 7.08634e+09
430 7.18269e+09
431 7.52642e+09
432 6.88103e+09
433 7.08167e+09
434 6.939e+09
435 7.05386e+09
436 6.96835e+09
437 6.91962e+09
438 6.74866e+09
439 6.43443e+09
440 7.05901e+09
441 6.84069e+09
442 6.66547e+09
443 6.6224e+09
444 7.07966e+09
445 6.38148e+09
446 6.59082e+09
447 6.55421e+09
448 6.34278e+09
449 6.26509e+09
450 6.63281e+09
451 6.43995e+09
452 6.17786e+09
453 6.34448e+09
454 5.99302e+09
455 6.34562e+09
456 6.36813e+09
457 5.9672e+09
458 6.17906e+09
459 6.1041e+09
460 6.21378e+09
461 6.19687e+09
462 5.72832e+09
463 5.78384e+09
464 5.93617e+09
465 5.83667e+09
466 5.87586e+09
467 5.96021e+09
468 5.69867e+09
469 5.67731e+09
470 6.1625e+09
471 5.75087e+09
472 5.84672e+09
473 5.90368e+09
474 5.57517e+09
475 5.58447e+09
476 5.85804e+09
477 5.2858e+09
478 5.39614e+09
479 5.30026e+09
480 5.62007e+09
481 5.3824e+09
482 5.28704e+09
483 5.51387e+09
484 5.26815e+09
485 5.45516e+09
486 5.52126e+09
487 5.48368e+09
488 5.12138e+09
489 5.25803e+09
490 5.18142e+09
491 5.10902e+09
492 4.99996e+09
493 5.10337e+09
494 4.8071e+09
495 5.08167e+09
496 5.06499e+09
497 4.79556e+09
498 4.94912e+09
499 4.9718e+09
500 4.94561e+09
501 4.91834e+09
502 4.75087e+09
503 4.85637e+09
504 4.73545e+09
505 4.54515e+09
506 4.77378e+09
507 4.59739e+09
508 4.78154e+09
509 4.69285e+09
510 4.57561e+09
511 4.58215e+09
512 4.63301e+09
513 4.60882e+09
514 4.55461e+09
515 4.57567e+09
516 4.57509e+09
517 4.82164e+09
518 4.6027e+09
519 4.18453e+09
520 4.51533e+09
521 4.34641e+09
522 4.41722e+09
523 4.31358e+09
524 4.29663e+09
525 4.24795e+09
526 4.42169e+09
527 4.27609e+09
528 4.25812e+09
529 4.31872e+09
530 4.12351e+09
531 4.25543e+09
532 4.30623e+09
533 4.23063e+09
534 4.13225e+09
535 4.10487e+09
536 4.03134e+09
537 3.96763e+09
538 4.06697e+09
539 4.12322e+09
540 4.06763e+09
541 3.90912e+09
542 3.89106e+09
543 3.9478e+09
544 3.82988e+09
545 3.83854e+09
546 3.80762e+09
547 3.83103e+09
548 3.67588e+09
549 3.73381e+09
550 3.58357e+09
551 3.63121e+09
552 3.67078e+09
553 3.76583e+09
554 3.8287e+09
555 3.65378e+09
556 3.61151e+09
557 3.88406e+09
558 3.54063e+09
559 3.51301e+09
560 3.64538e+09
561 3.58515e+09
562 3.48582e+09
563 3.37473e+09
564 3.56183e+09
565 3.47667e+09
566 3.41249e+09
567 3.58896e+09
568 3.35826e+09
569 3.29931e+09
570 3.20716e+09
571 3.42643e+09
572 3.29744e+09
573 3.32261e+09
574 3.38415e+09
575 3.331e+09
576 3.35589e+09
577 3.37504e+09
578 3.179e+09
579 3.16115e+09
580 3.28334e+09
581 3.14483e+09
582 3.23078e+09
583 3.09699e+09
584 3.309e+09
585 3.09781e+09
586 3.17916e+09
587 3.08034e+09
588 3.1251e+09
589 2.99495e+09
590 3.08946e+09
591 2.96415e+09
592 3.13436e+09
593 3.03128e+09
594 2.97504e+09
595 3.00337e+09
596 3.00473e+09
597 2.90529e+09
598 2.93401e+09
599 2.92463e+09
600 2.94404e+09
601 2.85554e+09
602 2.89724e+09
603 2.80509e+09
604 2.90717e+09
605 2.79315e+09
606 2.82062e+09
607 2.75035e+09
608 2.73547e+09
609 2.85376e+09
610 2.74989e+09
611 2.75633e+09
612 2.70258e+09
613 2.63237e+09
614 2.74808e+09
615 2.61865e+09
616 2.61541e+09
617 2.65531e+09
618 2.72031e+09
619 2.64961e+09
620 2.48993e+09
621 2.57976e+09
622 2.66649e+09
623 2.62397e+09
624 2.51913e+09
625 2.48841e+09
626 2.55782e+09
627 2.42293e+09
628 2.58731e+09
629 2.52315e+09
630 2.48302e+09
631 2.55185e+09
632 2.44235e+09
633 2.52586e+09
634 2.38969e+09
635 2.43955e+09
636 2.47152e+09
637 2.46868e+09
638 2.37473e+09
639 2.37001e+09
640 2.28739e+09
641 2.40745e+09
642 2.33719e+09
643 2.2519e+09
644 2.32311e+09
645 2.29646e+09
646 2.33848e+09
647 2.16466e+09
648 2.26287e+09
649 2.19879e+09
650 2.2448e+09
651 2.25936e+09
652 2.18935e+09
653 2.18682e+09
654 2.30215e+09
655 2.22255e+09
656 2.23529e+09
657 2.15608e+09
658 2.21334e+09
659 2.10365e+09
660 2.20117e+09
661 2.10201e+09
662 2.11694e+09
663 2.00201e+09
664 2.05615e+09
665 2.09946e+09
666 2.11251e+09
667 2.06472e+09
668 2.0567e+09
669 2.08223e+09
670 2.08314e+09
671 1.97057e+09
672 2.01163e+09
673 1.9929e+09
674 2.01494e+09
675 1.98511e+09
676 1.96624e+09
677 1.9023e+09
678 2.00707e+09
679 1.93679e+09
680 1.98903e+09
681 1.91281e+09
682 1.91332e+09
683 1.95702e+09
684 1.91378e+09
685 1.8759e+09
686 1.95191e+09
687 1.82592e+09
688 1.89573e+09
689 1.8413e+09
690 1.8617e+09
691 1.89037e+09
692 1.81864e+09
693 1.87663e+09
694 1.85513e+09
695 1.80364e+09
696 1.74787e+09
697 1.83179e+09
698 1.72366e+09
699 1.75416e+09
700 1.80863e+09
701 1.7478e+09
702 1.72973e+09
703 1.71506e+09
704 1.72499e+09
705 1.68082e+09
706 1.74011e+09
707 1.6581e+09
708 1.70469e+09
709 1.71835e+09
710 1.70851e+09
711 1.63098e+09
712 1.63833e+09
713 1.71959e+09
714 1.70451e+09
715 1.64053e+09
716 1.62847e+09
717 1.63405e+09
718 1.58487e+09
719 1.61287e+09
720 1.61833e+09
721 1.62429e+09
722 1.59615e+09
723 1.59535e+09
724 1.57164e+09
725 1.5691e+09
726 1.60998e+09
727 1.56133e+09
728 1.57265e+09
729 1.55633e+09
730 1.49856e+09
731 1.51166e+09
732 1.50682e+09
733 1.56112e+09
734 1.50823e+09
735 1.55641e+09
736 1.5546e+09
737 1.51051e+09
738 1.44522e+09
739 1.50276e+09
740 1.51358e+09
741 1.52462e+09
742 1.54099e+09
743 1.50299e+09
744 1.48991e+09
745 1.4352e+09
746 1.41965e+09
747 1.45087e+09
748 1.42519e+09
749 1.45407e+09
750 1.43361e+09
751 1.45822e+09
752 1.41517e+09
753 1.42078e+09
754 1.40386e+09
755 1.38246e+09
756 1.33534e+09
757 1.36923e+09
758 1.35858e+09
759 1.32036e+09
760 1.319e+09
761 1.30314e+09
762 1.35378e+09
763 1.30846e+09
764 1.35866e+09
765 1.34527e+09
766 1.29838e+09
767 1.3123e+09
768 1.29169e+09
769 1.34193e+09
770 1.32267e+09
771 1.30925e+09
772 1.29497e+09
773 1.27091e+09
774 1.32174e+09
775 1.22564e+09
776 1.30387e+09
777 1.27317e+09
778 1.25355e+09
779 1.231e+09
780 1.23758e+09
781 1.25957e+09
782 1.24547e+09
783 1.25222e+09
784 1.20326e+09
785 1.25453e+09
786 1.19549e+09
787 1.16896e+09
788 1.22858e+09
789 1.19105e+09
790 1.20698e+09
791 1.17753e+09
792 1.17219e+09
793 1.18066e+09
794 1.1529e+09
795 1.10305e+09
796 1.16116e+09
797 1.18625e+09
798 1.13397e+09
799 1.21341e+09
800 1.13435e+09
801 1.1123e+09
802 1.10932e+09
803 1.14939e+09
804 1.15003e+09
805 1.13006e+09
806 1.16748e+09
807 1.11948e+09
808 1.11723e+09
809 1.07605e+09
810 1.1196e+09
811 1.10845e+09
812 1.07969e+09
813 1.14258e+09
814 1.12689e+09
815 1.11982e+09
816 1.08457e+09
817 1.06104e+09
818 1.06013e+09
819 1.04919e+09
820 1.10103e+09
821 1.08711e+09
822 1.04624e+09
823 1.05704e+09
824 1.04418e+09
825 1.02899e+09
826 1.03317e+09
827 1.0014e+09
828 1.02776e+09
829 1.03214e+09
830 1.01493e+09
831 1.00688e+09
832 1.0214e+09
833 1.04623e+09
834 1.0305e+09
835 9.91106e+08
836 9.95258e+08
837 1.02024e+09
838 1.01021e+09
839 9.98559e+08
840 9.88606e+08
841 1.00091e+09
842 9.96981e+08
843 1.00057e+09
844 9.92047e+08
845 9.69162e+08
846 9.59631e+08
847 9.61487e+08
848 9.72691e+08
849 9.65931e+08
850 9.71748e+08
851 9.4585e+08
852 9.35128e+08
853 9.73671e+08
854 9.17364e+08
855 9.5157e+08
856 9.39885e+08
857 9.57601e+08
858 9.07674e+08
859 9.40111e+08
860 9.29012e+08
861 9.10057e+08
862 9.17771e+08
863 9.22926e+08
864 8.94988e+08
865 9.08745e+08
866 8.95514e+08
867 8.85016e+08
868 9.17096e+08
869 8.78676e+08
870 9.39746e+08
871 8.898e+08
872 8.6605e+08
873 8.9609e+08
874 8.79816e+08
875 8.62734e+08
876 8.91167e+08
877 8.87206e+08
878 8.4768e+08
879 8.72777e+08
880 8.79873e+08
881 8.53204e+08
882 8.75351e+08
883 8.86146e+08
884 8.53976e+08
885 8.61638e+08
886 8.63677e+08
887 8.38289e+08
888 8.53018e+08
889 8.15963e+08
890 8.34325e+08
891 8.21403e+08
892 8.37323e+08
893 8.02146e+08
894 8.36632e+08
895 8.28965e+08
896 8.11603e+08
897 8.1927e+08
898 8.20465e+08
899 8.41299e+08
900 8.12269e+08
901 7.99136e+08
902 8.06691e+08
903 8.00608e+08
904 8.09813e+08
905 7.96014e+08
906 8.07481e+08
907 7.86332e+08
908 7.90818e+08
909 8.09487e+08
910 7.99606e+08
911 7.97017e+08
912 8.04235e+08
913 7.4404e+08
914 7.891e+08
915 7.8609e+08
916 8.06508e+08
917 7.81835e+08
918 7.81045e+08
919 7.56888e+08
920 7.69174e+08
921 7.83642e+08
922 7.80934e+08
923 7.67628e+08
924 7.59602e+08
925 7.72332e+08
926 7.42261e+08
927 7.54456e+08
928 7.70954e+08
929 7.64651e+08
930 7.52549e+08
931 7.69818e+08
932 7.28418e+08
933 7.44663e+08
934 7.13867e+08
935 7.27618e+08
936 7.42162e+08
937 7.36936e+08
938 7.61468e+08
939 7.38094e+08
940 7.19918e+08
941 7.23895e+08
942 7.35207e+08
943 7.27428e+08
944 7.31971e+08
945 7.31468e+08
946 7.30832e+08
947 7.31946e+08
948 7.2843e+08
949 6.85157e+08
950 7.16328e+08
951 7.16299e+08
952 7.04735e+08
953 7.13867e+08
954 7.16098e+08
955 7.11992e+08
956 7.09579e+08
957 7.18158e+08
958 6.85923e+08
959 7.0468e+08
960 7.02934e+08
961 6.9984e+08
962 6.90018e+08
963 6.87209e+08
964 6.87907e+08
965 6.71329e+08
966 6.93156e+08
967 6.83544e+08
968 6.8402e+08
969 6.77803e+08
970 6.81877e+08
971 7.06804e+08
972 6.96317e+08
973 6.95658e+08
974 6.7736e+08
975 6.84356e+08
976 6.81909e+08
977 6.85436e+08
978 6.67454e+08
979 6.97534e+08
980 6.42294e+08
981 6.70007e+08
982 6.86341e+08
983 6.82613e+08
984 6.7881e+08
985 6.53126e+08
986 6.63572e+08
987 6.74681e+08
988 6.65971e+08
989 6.70739e+08
990 6.70052e+08
991 6.62027e+08
992 6.54445e+08
993 6.54221e+08
994 6.69184e+08
995 6.57672e+08
996 6.60081e+08
997 6.55948e+08
998 6.30003e+08
999 6.38316e+08
1000 6.40762e+08
1001 6.55892e+08
1002 6.547e+08
1003 6.25368e+08
1004 6.34823e+08
1005 6.34063e+08
1006 6.51803e+08
1007 6.6116e+08
1008 6.23398e+08
1009 6.5585e+08
1010 6.47212e+08
1011 6.3887e+08
1012 6.34611e+08
1013 6.44128e+08
1014 6.38082e+08
1015 6.55406e+08
1016 6.5214e+08
1017 6.41557e+08
1018 6.32014e+08
1019 6.27179e+08
1020 6.28727e+08
1021 6.10128e+08
1022 6.30133e+08
1023 6.29156e+08
1024 6.16519e+08
