# input_file=p1_0_1.tif
# Nx=2048
# Ny=2048
0 2.86148e+17
1 1.21603e+13
2 8.04179e+12
3 4.65763e+12
4 8.37374e+12
5 7.78731e+12
6 6.13378e+12
7 3.81003e+12
8 3.3824e+12
9 2.99859e+12
10 3.50735e+12
11 2.41568e+12
12 2.12658e+12
13 1.57941e+12
14 1.79403e+12
15 1.63012e+12
16 1.24672e+12
17 1.13167e+12
18 1.02768e+12
19 9.60587e+11
20 8.43425e+11
21 7.54164e+11
22 6.25733e+11
23 7.28361e+11
24 5.84094e+11
25 4.77247e+11
26 5.91528e+11
27 4.81814e+11
28 5.02632e+11
29 4.92896e+11
30 4.3665e+11
31 3.97773e+11
32 4.37385e+11
33 4.18278e+11
34 3.78535e+11
35 3.53523e+11
36 3.45524e+11
37 3.56729e+11
38 2.84801e+11
39 2.96209e+11
40 3.55261e+11
41 2.72163e+11
42 2.91967e+11
43 2.86409e+11
44 2.73205e+11
45 2.35964e+11
46 2.81485e+11
47 2.26356e+11
48 3.09369e+11
49 2.32979e+11
50 2.52856e+11
51 2.41761e+11
52 2.45938e+11
53 2.05014e+11
54 1.82282e+11
55 1.77247e+11
56 2.00775e+11
57 1.91601e+11
58 1.95048e+11
59 2.09166e+11
60 1.83698e+11
61 1.58952e+11
62 1.84078e+11
63 1.6937e+11
64 1.75885e+11
65 1.70081e+11
66 1.62483e+11
67 1.48449e+11
68 1.59656e+11
69 1.69937e+11
70 1.57598e+11
71 1.47544e+11
72 1.3148e+11
73 1.66851e+11
74 1.46987e+11
75 1.39964e+11
76 1.2967e+11
77 1.21414e+11
78 1.40509e+11
79 1.38509e+11
80 1.18234e+11
81 1.22293e+11
82 1.36055e+11
83 1.19393e+11
84 1.29132e+11
85 1.14294e+11
86 1.07556e+11
87 1.0364e+11
88 1.14932e+11
89 1.06176e+11
90 1.16148e+11
91 1.18164e+11
92 1.19759e+11
93 1.08954e+11
94 1.03384e+11
95 1.14698e+11
96 1.18432e+11
97 9.68426e+10
98 9.59745e+10
99 9.9539e+10
100 8.75712e+10
101 8.97522e+10
102 8.59562e+10
103 8.63956e+10
104 1.01184e+11
105 9.02765e+10
106 8.63999e+10
107 8.62001e+10
108 9.24256e+10
109 8.48333e+10
110 8.1535e+10
111 8.14571e+10
112 8.4006e+10
113 7.44788e+10
114 7.86891e+10
115 7.73977e+10
116 8.38886e+10
117 8.105e+10
118 7.78402e+10
119 7.53741e+10
120 7.16024e+10
121 7.24406e+10
122 6.93947e+10
123 6.98552e+10
124 7.40277e+10
125 6.76823e+10
126 6.69983e+10
127 6.59411e+10
128 6.08341e+10
129 6.14047e+10
130 6.11724e+10
131 6.14266e+10
132 6.14782e+10
133 5.95284e+10
134 6.15227e+10
135 5.72022e+10
136 5.95982e+10
137 6.13146e+10
138 6.05357e+10
139 5.62076e+10
140 5.64548e+10
141 5.27224e+10
142 5.05452e+10
143 4.88266e+10
144 4.96387e+10
145 5.40423e+10
146 5.10845e+10
147 5.22964e+10
148 5.16416e+10
149 5.10712e+10
150 5.34021e+10
151 4.94534e+10
152 4.89425e+10
153 5.16943e+10
154 4.84736e+10
155 4.72512e+10
156 4.61342e+10
157 4.87619e+10
158 4.53051e+10
159 4.24466e+10
160 4.69889e+10
161 4.34808e+10
162 4.39234e+10
163 4.38093e+10
164 4.59228e+10
165 4.42807e+10
166 4.2061e+10
167 4.17499e+10
168 4.13467e+10
169 3.95056e+10
170 4.09027e+10
171 4.29655e+10
172 4.06839e+10
173 3.95557e+10
174 4.23184e+10
175 3.75032e+10
176 3.82145e+10
177 4.00953e+10
178 3.68059e+10
179 3.81075e+10
180 3.58919e+10
181 3.63045e+10
182 3.64537e+10
183 3.48166e+10
184 3.57277e+10
185 3.59899e+10
186 3.30216e+10
187 3.67836e+10
188 3.55839e+10
189 3.42378e+10
190 3.42424e+10
191 3.24733e+10
192 3.39491e+10
193 3.35539e+10
194 3.40121e+10
195 3.29304e+10
196 3.26845e+10
197 3.25543e+10
198 3.43795e+10
199 3.02936e+10
200 3.25615e+10
201 3.26231e+10
202 3.02741e+10
203 2.95611e+10
204 3.16875e+10
205 3.09611e+10
206 3.00541e+10
207 3.01846e+10
208 3.16027e+10
209 2.99043e+10
210 2.83206e+10
211 3.0194e+10
212 3.07346e+10
213 3.00987e+10
214 2.86122e+10
215 3.04437e+10
216 2.95533e+10
217 2.64776e+10
218 2.78047e+10
219 3.09108e+10
220 2.63044e+10
221 2.7406e+10
222 2.85927e+10
223 2.63052e+10
224 2.64208e+10
225 2.81061e+10
226 2.72741e+10
227 2.7104e+10
228 2.57302e+10
229 2.72706e+10
230 2.79876e+10
231 2.49981e+10
232 2.4448e+10
233 2.42995e+10
234 2.46777e+10
235 2.41364e+10
236 2.55766e+10
237 2.57337e+10
238 2.46386e+10
239 2.48694e+10
240 2.37603e+10
241 2.53438e+10
242 2.34509e+10
243 2.38511e+10
244 2.34686e+10
245 2.33455e+10
246 2.41067e+10
247 2.35491e+10
248 2.37976e+10
249 2.30257e+10
250 2.11145e+10
251 2.17104e+10
252 2.23425e+10
253 2.21166e+10
254 2.24152e+10
255 2.15274e+10
256 2.23845e+10
257 2.215e+10
258 2.09247e+10
259 2.19553e+10
260 2.2272e+10
261 2.06246e+10
262 2.15883e+10
263 2.15798e+10
264 2.12516e+10
265 2.14263e+10
266 2.06109e+10
267 1.9994e+10
268 2.09156e+10
269 1.96078e+10
270 2.0188e+10
271 1.99843e+10
272 1.97156e+10
273 2.03661e+10
274 1.95391e+10
275 2.01116e+10
276 1.9376e+10
277 1.96583e+10
278 2.06306e+10
279 1.84639e+10
280 1.87865e+10
281 1.93297e+10
282 1.88536e+10
283 2.01328e+10
284 1.86297e+10
285 1.85256e+10
286 1.82707e+10
287 1.81263e+10
288 1.89264e+10
289 1.86239e+10
290 1.89807e+10
291 1.88001e+10
292 1.87801e+10
293 1.83216e+10
294 1.83494e+10
295 1.76465e+10
296 1.77782e+10
297 1.75503e+10
298 1.73281e+10
299 1.73667e+10
300 1.76032e+10
301 1.71918e+10
302 1.72656e+10
303 1.72099e+10
304 1.71025e+10
305 1.64181e+10
306 1.68036e+10
307 1.70472e+10
308 1.63308e+10
309 1.71039e+10
310 1.53007e+10
311 1.69647e+10
312 1.70319e+10
313 1.66026e+10
314 1.57129e+10
315 1.61032e+10
316 1.52731e+10
317 1.55454e+10
318 1.54469e+10
319 1.54033e+10
320 1.55713e+10
321 1.57975e+10
322 1.49813e+10
323 1.49063e+10
324 1.53564e+10
325 1.52808e+10
326 1.50635e+10
327 1.52027e+10
328 1.35283e+10
329 1.45545e+10
330 1.5901e+10
331 1.50005e+10
332 1.50893e+10
333 1.54593e+10
334 1.43195e+10
335 1.36447e+10
336 1.47166e+10
337 1.37577e+10
338 1.40599e+10
339 1.46568e+10
340 1.38759e+10
341 1.36857e+10
342 1.36452e+10
343 1.4065e+10
344 1.30975e+10
345 1.42653e+10
346 1.31114e+10
347 1.36425e+10
348 1.32147e+10
349 1.41691e+10
350 1.37274e+10
351 1.29633e+10
352 1.26138e+10
353 1.31244e+10
354 1.32241e+10
355 1.23962e+10
356 1.27809e+10
357 1.30774e+10
358 1.39373e+10
359 1.22898e+10
360 1.22594e+10
361 1.18481e+10
362 1.2464e+10
363 1.2765e+10
364 1.20881e+10
365 1.20007e+10
366 1.19323e+10
367 1.29864e+10
368 1.20851e+10
369 1.2294e+10
370 1.21893e+10
371 1.17919e+10
372 1.18232e+10
373 1.23171e+10
374 1.13608e+10
375 1.10965e+10
376 1.10971e+10
377 1.1823e+10
378 1.1309e+10
379 1.09405e+10
380 1.12832e+10
381 1.11034e+10
382 1.07728e+10
383 1.11544e+10
384 1.08526e+10
385 1.12169e+10
386 1.1008e+10
387 1.10061e+10
388 1.12247e+10
389 1.05126e+10
390 1.05576e+10
391 1.04669e+10
392 1.06083e+10
393 1.01572e+10
394 1.09157e+10
395 1.05136e+10
396 1.02323e+10
397 1.04582e+10
398 1.06014e+10
399 1.00083e+10
400 9.72981e+09
401 1.03202e+10
402 9.3714e+09
403 9.42752e+09
404 9.68257e+09
405 9.7329e+09
406 9.73256e+09
407 9.27495e+09
408 1.02129e+10
409 9.87173e+09
410 9.22676e+09
411 9.62198e+09
412 9.70291e+09
413 9.29347e+09
414 9.69322e+09
415 8.73837e+09
416 9.14751e+09
417 9.18451e+09
418 9.66158e+09
419 9.03689e+09
420 9.31992e+09
421 8.77651e+09
422 8.87934e+09
423 8.89547e+09
424 9.07173e+09
425 8.79912e+09
426 8.51886e+09
427 8.5766e+09
428 8.5324e+09
429 8.4283e+09
430 8.31394e+09
431 8.4579e+09
432 8.76599e+09
433 8.92854e+09
434 8.23543e+09
435 8.3283e+09
436 8.38209e+09
437 8.22005e+09
438 8.00119e+09
439 8.56569e+09
440 8.31257e+09
441 8.31558e+09
442 7.73032e+09
443 7.62347e+09
444 7.80202e+09
445 7.76271e+09
446 7.71812e+09
447 8.41709e+09
448 7.69603e+09
449 7.69629e+09
450 7.48376e+09
451 7.89654e+09
452 7.58736e+09
453 7.58639e+09
454 7.73638e+09
455 7.11652e+09
456 7.11484e+09
457 7.76176e+09
458 7.41507e+09
459 7.29626e+09
460 7.27461e+09
461 7.00536e+09
462 7.49878e+09
463 7.52548e+09
464 7.13582e+09
465 7.35953e+09
466 7.44976e+09
467 7.21257e+09
468 7.30349e+09
469 6.6777e+09
470 6.77867e+09
471 6.68651e+09
472 6.57891e+09
473 6.75096e+09
474 6.66846e+09
475 6.79311e+09
476 7.03758e+09
477 6.59872e+09
478 6.70108e+09
479 6.65332e+09
480 6.57658e+09
481 6.38069e+09
482 6.69436e+09
483 6.60483e+09
484 6.53009e+09
485 6.27884e+09
486 6.49286e+09
487 6.43357e+09
488 6.33782e+09
489 6.27033e+09
490 6.02365e+09
491 6.20922e+09
492 6.35815e+09
493 6.13357e+09
494 6.2357e+09
495 6.08032e+09
496 6.04466e+09
497 6.17902e+09
498 5.84136e+09
499 5.98737e+09
500 6.09324e+09
501 5.59721e+09
502 5.72687e+09
503 5.78426e+09
504 5.73485e+09
505 5.62082e+09
506 5.95601e+09
507 5.45527e+09
508 5.67099e+09
509 5.77896e+09
510 5.80512e+09
511 5.59039e+09
512 5.64574e+09
513 5.50924e+09
514 5.51619e+09
515 5.5098e+09
516 5.38835e+09
517 5.48435e+09
518 5.47669e+09
519 5.21803e+09
520 5.4415e+09
521 5.35114e+09
522 5.43826e+09
523 5.26105e+09
524 5.08111e+09
525 5.07395e+09
526 5.29181e+09
527 4.94728e+09
528 5.06766e+09
529 4.89671e+09
530 5.1021e+09
531 5.04784e+09
532 4.78244e+09
533 4.68188e+09
534 4.99271e+09
535 5.13457e+09
536 4.95907e+09
537 4.74213e+09
538 4.6529e+09
539 4.86325e+09
540 4.95774e+09
541 4.69188e+09
542 4.84415e+09
543 4.55489e+09
544 4.60431e+09
545 4.59509e+09
546 4.80899e+09
547 4.87165e+09
548 4.67089e+09
549 4.75548e+09
550 4.58873e+09
551 4.58723e+09
552 4.20808e+09
553 4.43525e+09
554 4.39256e+09
555 4.41834e+09
556 4.3714e+09
557 4.54246e+09
558 4.28746e+09
559 4.13531e+09
560 4.05651e+09
561 4.39161e+09
562 4.3054e+09
563 4.44515e+09
564 4.34607e+09
565 4.21751e+09
566 4.13771e+09
567 4.28566e+09
568 4.18052e+09
569 4.01801e+09
570 4.19532e+09
571 4.13724e+09
572 4.17156e+09
573 4.08022e+09
574 4.0519e+09
575 3.99761e+09
576 3.99732e+09
577 3.90627e+09
578 3.99619e+09
579 3.9975e+09
580 3.99993e+09
581 3.77782e+09
582 3.83626e+09
583 3.80902e+09
584 3.81745e+09
585 3.83575e+09
586 3.7671e+09
587 3.70397e+09
588 3.64948e+09
589 3.59714e+09
590 3.76668e+09
591 3.63208e+09
592 3.71904e+09
593 3.71534e+09
594 3.82664e+09
595 3.65209e+09
596 3.64463e+09
597 3.54454e+09
598 3.54865e+09
599 3.48829e+09
600 3.49643e+09
601 3.57737e+09
602 3.40133e+09
603 3.48998e+09
604 3.4775e+09
605 3.3627e+09
606 3.38799e+09
607 3.39428e+09
608 3.41677e+09
609 3.2041e+09
610 3.39885e+09
611 3.26246e+09
612 3.3588e+09
613 3.22411e+09
614 3.21965e+09
615 3.247e+09
616 3.25877e+09
617 3.28254e+09
618 3.23407e+09
619 3.08293e+09
620 3.33357e+09
621 3.17137e+09
622 3.20252e+09
623 3.19062e+09
624 3.03188e+09
625 3.07411e+09
626 3.07527e+09
627 3.0002e+09
628 3.02082e+09
629 3.06339e+09
630 2.97191e+09
631 3.06222e+09
632 2.98873e+09
633 2.89338e+09
634 3.08535e+09
635 3.03763e+09
636 2.94281e+09
637 2.85955e+09
638 2.9029e+09
639 2.83837e+09
640 2.95635e+09
641 2.83536e+09
642 2.8188e+09
643 2.91864e+09
644 2.94076e+09
645 2.75212e+09
646 2.78032e+09
647 2.84158e+09
648 2.78648e+09
649 2.8264e+09
650 2.59542e+09
651 2.7458e+09
652 2.69151e+09
653 2.66389e+09
654 2.65652e+09
655 2.64926e+09
656 2.6086e+09
657 2.65066e+09
658 2.63529e+09
659 2.67066e+09
660 2.70197e+09
661 2.54592e+09
662 2.56156e+09
663 2.48972e+09
664 2.55375e+09
665 2.50892e+09
666 2.54709e+09
667 2.43482e+09
668 2.44129e+09
669 2.52203e+09
670 2.47707e+09
671 2.37302e+09
672 2.48281e+09
673 2.41314e+09
674 2.34517e+09
675 2.48645e+09
676 2.43296e+09
677 2.30629e+09
678 2.37536e+09
679 2.43605e+09
680 2.38569e+09
681 2.34775e+09
682 2.35127e+09
683 2.37746e+09
684 2.21245e+09
685 2.32171e+09
686 2.26555e+09
687 2.30117e+09
688 2.1426e+09
689 2.23407e+09
690 2.2253e+09
691 2.23627e+09
692 2.27356e+09
693 2.18495e+09
694 2.11643e+09
695 2.11102e+09
696 2.17965e+09
697 2.19454e+09
698 2.10571e+09
699 2.15141e+09
700 2.14373e+09
701 2.17889e+09
702 2.13195e+09
703 2.10724e+09
704 2.05607e+09
705 2.12468e+09
706 2.16894e+09
707 2.01618e+09
708 2.05086e+09
709 1.99106e+09
710 2.01584e+09
711 2.03459e+09
712 2.05435e+09
713 2.00131e+09
714 2.00467e+09
715 1.94567e+09
716 1.97587e+09
717 2.01997e+09
718 1.95712e+09
719 1.96332e+09
720 1.94893e+09
721 1.95936e+09
722 1.97697e+09
723 1.96161e+09
724 1.91613e+09
725 1.82931e+09
726 1.94073e+09
727 1.88329e+09
728 1.85027e+09
729 1.84129e+09
730 1.83409e+09
731 1.82334e+09
732 1.89036e+09
733 1.77719e+09
734 1.76309e+09
735 1.83585e+09
736 1.77202e+09
737 1.83152e+09
738 1.7688e+09
739 1.8509e+09
740 1.77571e+09
741 1.7602e+09
742 1.79914e+09
743 1.77768e+09
744 1.75668e+09
745 1.73514e+09
746 1.72922e+09
747 1.75676e+09
748 1.74881e+09
749 1.75769e+09
750 1.70836e+09
751 1.69526e+09
752 1.6297e+09
753 1.66312e+09
754 1.6383e+09
755 1.70441e+09
756 1.71289e+09
757 1.69891e+09
758 1.61567e+09
759 1.6328e+09
760 1.68811e+09
761 1.61732e+09
762 1.63833e+09
763 1.58881e+09
764 1.58348e+09
765 1.60517e+09
766 1.61778e+09
767 1.57788e+09
768 1.56187e+09
769 1.56776e+09
770 1.55563e+09
771 1.57064e+09
772 1.57122e+09
773 1.53422e+09
774 1.55713e+09
775 1.60505e+09
776 1.48507e+09
777 1.50862e+09
778 1.56579e+09
779 1.4561e+09
780 1.48191e+09
781 1.476e+09
782 1.42143e+09
783 1.45569e+09
784 1.43837e+09
785 1.43893e+09
786 1.41636e+09
787 1.38721e+09
788 1.42204e+09
789 1.47364e+09
790 1.42381e+09
791 1.38383e+09
792 1.46215e+09
793 1.40616e+09
794 1.44681e+09
795 1.39486e+09
796 1.40835e+09
797 1.38558e+09
798 1.44397e+09
799 1.39326e+09
800 1.39126e+09
801 1.36507e+09
802 1.36268e+09
803 1.33193e+09
804 1.36762e+09
805 1.37275e+09
806 1.34427e+09
807 1.2805e+09
808 1.33269e+09
809 1.34657e+09
810 1.33348e+09
811 1.30801e+09
812 1.32791e+09
813 1.26447e+09
814 1.30847e+09
815 1.35271e+09
816 1.32539e+09
817 1.3019e+09
818 1.30155e+09
819 1.23869e+09
820 1.27972e+09
821 1.29048e+09
822 1.26921e+09
823 1.2563e+09
824 1.29326e+09
825 1.27261e+09
826 1.24912e+09
827 1.22157e+09
828 1.25789e+09
829 1.20322e+09
830 1.21747e+09
831 1.19185e+09
832 1.26212e+09
833 1.21251e+09
834 1.17426e+09
835 1.20478e+09
836 1.24944e+09
837 1.19812e+09
838 1.14197e+09
839 1.19515e+09
840 1.12771e+09
841 1.21263e+09
842 1.15588e+09
843 1.13192e+09
844 1.17279e+09
845 1.17615e+09
846 1.1888e+09
847 1.15097e+09
848 1.14515e+09
849 1.12996e+09
850 1.13694e+09
851 1.15251e+09
852 1.13629e+09
853 1.14035e+09
854 1.14649e+09
855 1.13001e+09
856 1.11196e+09
857 1.10121e+09
858 1.14086e+09
859 1.10857e+09
860 1.1081e+09
861 1.11419e+09
862 1.12105e+09
863 1.14379e+09
864 1.06036e+09
865 1.1121e+09
866 1.07402e+09
867 1.06264e+09
868 1.10589e+09
869 1.11207e+09
870 1.06337e+09
871 1.06045e+09
872 1.03257e+09
873 1.0581e+09
874 1.04291e+09
875 1.05907e+09
876 1.03775e+09
877 1.06203e+09
878 1.02556e+09
879 1.04251e+09
880 1.05357e+09
881 1.0302e+09
882 1.04593e+09
883 1.05889e+09
884 1.01872e+09
885 1.04433e+09
886 1.00074e+09
887 1.06613e+09
888 1.02033e+09
889 1.01095e+09
890 1.02086e+09
891 1.02543e+09
892 1.02346e+09
893 9.88031e+08
894 9.72546e+08
895 9.8444e+08
896 9.95668e+08
897 9.50573e+08
898 9.65206e+08
899 9.82587e+08
900 9.60493e+08
901 1.0041e+09
902 9.41027e+08
903 9.69878e+08
904 9.51045e+08
905 9.45839e+08
906 9.45472e+08
907 9.35372e+08
908 9.36383e+08
909 9.79224e+08
910 9.74862e+08
911 9.26479e+08
912 9.14707e+08
913 9.14023e+08
914 9.08645e+08
915 9.24393e+08
916 9.07863e+08
917 9.24416e+08
918 9.06051e+08
919 9.29347e+08
920 9.1207e+08
921 8.96716e+08
922 9.34432e+08
923 8.90028e+08
924 9.31782e+08
925 9.49115e+08
926 9.21882e+08
927 8.89381e+08
928 9.17265e+08
929 9.09861e+08
930 9.02611e+08
931 8.62135e+08
932 8.79957e+08
933 8.69296e+08
934 8.54237e+08
935 8.78667e+08
936 8.88545e+08
937 9.07566e+08
938 8.70006e+08
939 8.82319e+08
940 8.59373e+08
941 8.62617e+08
942 8.47707e+08
943 8.85479e+08
944 8.54101e+08
945 8.67723e+08
946 8.64917e+08
947 8.55964e+08
948 8.90904e+08
949 8.51734e+08
950 8.69863e+08
951 8.39143e+08
952 8.4015e+08
953 8.57876e+08
954 8.4776e+08
955 8.45556e+08
956 8.69521e+08
957 8.50367e+08
958 8.38687e+08
959 8.26592e+08
960 8.20385e+08
961 8.28181e+08
962 8.27198e+08
963 8.13716e+08
964 8.45341e+08
965 8.18758e+08
966 8.28086e+08
967 8.2483e+08
968 8.1414e+08
969 8.23492e+08
970 8.1289e+08
971 8.26073e+08
972 8.13298e+08
973 8.26144e+08
974 8.24648e+08
975 8.11483e+08
976 8.3295e+08
977 8.07574e+08
978 8.26109e+08
979 8.15118e+08
980 8.11489e+08
981 8.14574e+08
982 8.19069e+08
983 8.00086e+08
984 7.96647e+08
985 7.9186e+08
986 7.68069e+08
987 7.75115e+08
988 7.81589e+08
989 7.83047e+08
990 7.67239e+08
991 7.66195e+08
992 7.81553e+08
993 7.87565e+08
994 7.8611e+08
995 7.7168e+08
996 7.67436e+08
997 7.84469e+08
998 7.87846e+08
999 8.03729e+08
1000 7.83736e+08
1001 7.88932e+08
1002 7.8009e+08
1003 7.66895e+08
1004 7.93392e+08
1005 7.6888e+08
1006 7.8476e+08
1007 7.70443e+08
1008 7.61542e+08
1009 7.46723e+08
1010 7.4703e+08
1011 7.78122e+08
1012 7.78875e+08
1013 7.75732e+08
1014 7.67301e+08
1015 7.76542e+08
1016 7.59992e+08
1017 7.53916e+08
1018 7.48369e+08
1019 7.75363e+08
1020 7.65563e+08
1021 7.5239e+08
1022 7.5842e+08
1023 7.46348e+08
1024 7.54443e+08
