# input_file=p1_0_4.tif
# Nx=2048
# Ny=2048
0 2.8631e+17
1 7.97898e+12
2 1.24495e+13
3 9.7651e+12
4 1.0419e+13
5 8.55917e+12
6 6.48711e+12
7 4.59718e+12
8 4.70541e+12
9 2.7422e+12
10 3.45193e+12
11 2.07869e+12
12 2.32751e+12
13 1.89519e+12
14 1.67154e+12
15 1.66779e+12
16 1.42636e+12
17 1.17184e+12
18 1.16267e+12
19 1.221e+12
20 9.50123e+11
21 9.62814e+11
22 1.02308e+12
23 7.08961e+11
24 7.52816e+11
25 6.30097e+11
26 6.11203e+11
27 5.91586e+11
28 5.15657e+11
29 5.65127e+11
30 5.8982e+11
31 4.22817e+11
32 4.43463e+11
33 4.73419e+11
34 4.55901e+11
35 3.79613e+11
36 4.22177e+11
37 4.16913e+11
38 3.93855e+11
39 4.05215e+11
40 3.43072e+11
41 3.23725e+11
42 2.88907e+11
43 3.05773e+11
44 3.27928e+11
45 3.11532e+11
46 2.79663e+11
47 2.70122e+11
48 2.62332e+11
49 2.42499e+11
50 2.79699e+11
51 2.40098e+11
52 2.44358e+11
53 2.58375e+11
54 2.34572e+11
55 2.16244e+11
56 2.39501e+11
57 2.06211e+11
58 2.09348e+11
59 1.89977e+11
60 1.72768e+11
61 1.90571e+11
62 1.75369e+11
63 1.99191e+11
64 1.93409e+11
65 1.66188e+11
66 1.70667e+11
67 1.82689e+11
68 1.86936e+11
69 1.77522e+11
70 1.53352e+11
71 1.59112e+11
72 1.37439e+11
73 1.58999e+11
74 1.8263e+11
75 1.41896e+11
76 1.59248e+11
77 1.41994e+11
78 1.49863e+11
79 1.28379e+11
80 1.28702e+11
81 1.26015e+11
82 1.38179e+11
83 1.29382e+11
84 1.21642e+11
85 1.21295e+11
86 1.18628e+11
87 1.22425e+11
88 1.0799e+11
89 1.07762e+11
90 1.05226e+11
91 1.19133e+11
92 1.0756e+11
93 1.12822e+11
94 1.12048e+11
95 9.7898e+10
96 1.06245e+11
97 9.52928e+10
98 9.7745e+10
99 9.87889e+10
100 8.63166e+10
101 9.50071e+10
102 9.61365e+10
103 9.15001e+10
104 8.74396e+10
105 8.91647e+10
106 8.84696e+10
107 8.60625e+10
108 7.87209e+10
109 8.46202e+10
110 7.74803e+10
111 7.86441e+10
112 8.61403e+10
113 7.61526e+10
114 7.73051e+10
115 7.42774e+10
116 7.43823e+10
117 6.93332e+10
118 7.93397e+10
119 7.24584e+10
120 7.16091e+10
121 6.78035e+10
122 6.5139e+10
123 6.4631e+10
124 6.82777e+10
125 5.99412e+10
126 6.69519e+10
127 6.22197e+10
128 6.01044e+10
129 6.36674e+10
130 5.99339e+10
131 5.8139e+10
132 5.7732e+10
133 5.80233e+10
134 5.72105e+10
135 5.39172e+10
136 5.56224e+10
137 5.46222e+10
138 6.07943e+10
139 5.46557e+10
140 4.96726e+10
141 5.31515e+10
142 5.63515e+10
143 4.78205e+10
144 5.24849e+10
145 5.30929e+10
146 5.03285e+10
147 4.82511e+10
148 4.77709e+10
149 4.85701e+10
150 4.87899e+10
151 4.67373e+10
152 4.61535e+10
153 4.67762e+10
154 4.58826e+10
155 4.70179e+10
156 4.62786e+10
157 4.0258e+10
158 4.64584e+10
159 4.18659e+10
160 4.43633e+10
161 4.67212e+10
162 3.89492e+10
163 4.3844e+10
164 3.96093e+10
165 4.11644e+10
166 4.14588e+10
167 3.73326e+10
168 3.64765e+10
169 3.78371e+10
170 4.10218e+10
171 3.89337e+10
172 3.94363e+10
173 3.76739e+10
174 4.0337e+10
175 3.71965e+10
176 3.58992e+10
177 3.73536e+10
178 3.4569e+10
179 3.69271e+10
180 3.59088e+10
181 3.42386e+10
182 3.52682e+10
183 3.56313e+10
184 3.52818e+10
185 3.50261e+10
186 3.26436e+10
187 3.40031e+10
188 3.14698e+10
189 3.28491e+10
190 3.33243e+10
191 3.39524e+10
192 3.2073e+10
193 3.15838e+10
194 2.93846e+10
195 3.20618e+10
196 2.93141e+10
197 3.13947e+10
198 3.09075e+10
199 3.07027e+10
200 3.07932e+10
201 2.96636e+10
202 2.92129e+10
203 3.02379e+10
204 2.84283e+10
205 2.93363e+10
206 2.94118e+10
207 2.91772e+10
208 2.79822e+10
209 3.00816e+10
210 2.62337e+10
211 2.68079e+10
212 3.00605e+10
213 2.70969e+10
214 2.81033e+10
215 2.66169e+10
216 2.6355e+10
217 2.52075e+10
218 2.71564e+10
219 2.77558e+10
220 2.71951e+10
221 2.75854e+10
222 2.67679e+10
223 2.51791e+10
224 2.59965e+10
225 2.47204e+10
226 2.6375e+10
227 2.27573e+10
228 2.50502e+10
229 2.54391e+10
230 2.55434e+10
231 2.43867e+10
232 2.39461e+10
233 2.47729e+10
234 2.42124e+10
235 2.49735e+10
236 2.5262e+10
237 2.41703e+10
238 2.25079e+10
239 2.41308e+10
240 2.28841e+10
241 2.44357e+10
242 2.25948e+10
243 2.45593e+10
244 2.21617e+10
245 2.21366e+10
246 2.33893e+10
247 2.21586e+10
248 2.28264e+10
249 2.1778e+10
250 2.01413e+10
251 2.07529e+10
252 2.11035e+10
253 2.01109e+10
254 2.10867e+10
255 2.17544e+10
256 2.1964e+10
257 2.10029e+10
258 2.13223e+10
259 2.19025e+10
260 1.99076e+10
261 2.1248e+10
262 2.16634e+10
263 2.00628e+10
264 2.02529e+10
265 2.03601e+10
266 2.04233e+10
267 2.02818e+10
268 1.96464e+10
269 2.00013e+10
270 1.98588e+10
271 1.93417e+10
272 1.95061e+10
273 1.91666e+10
274 1.9893e+10
275 1.8603e+10
276 1.75277e+10
277 1.89471e+10
278 1.85026e+10
279 1.82374e+10
280 1.86244e+10
281 1.86946e+10
282 1.86118e+10
283 1.82017e+10
284 1.80886e+10
285 1.87729e+10
286 1.87998e+10
287 1.84943e+10
288 1.69303e+10
289 1.81687e+10
290 1.65017e+10
291 1.66691e+10
292 1.87348e+10
293 1.8934e+10
294 1.69482e+10
295 1.57292e+10
296 1.69389e+10
297 1.64655e+10
298 1.73864e+10
299 1.73185e+10
300 1.57621e+10
301 1.68786e+10
302 1.61224e+10
303 1.62389e+10
304 1.59575e+10
305 1.54959e+10
306 1.7184e+10
307 1.61803e+10
308 1.70442e+10
309 1.57984e+10
310 1.61985e+10
311 1.65138e+10
312 1.55754e+10
313 1.51533e+10
314 1.5533e+10
315 1.43242e+10
316 1.53634e+10
317 1.52286e+10
318 1.51505e+10
319 1.52594e+10
320 1.49629e+10
321 1.41449e+10
322 1.47596e+10
323 1.4734e+10
324 1.4644e+10
325 1.46214e+10
326 1.34737e+10
327 1.40388e+10
328 1.40518e+10
329 1.48163e+10
330 1.45641e+10
331 1.35436e+10
332 1.32558e+10
333 1.44303e+10
334 1.45342e+10
335 1.42239e+10
336 1.30893e+10
337 1.38748e+10
338 1.36422e+10
339 1.36064e+10
340 1.3066e+10
341 1.32267e+10
342 1.33182e+10
343 1.25881e+10
344 1.26772e+10
345 1.34602e+10
346 1.29259e+10
347 1.30977e+10
348 1.25566e+10
349 1.27438e+10
350 1.2997e+10
351 1.27217e+10
352 1.25415e+10
353 1.24878e+10
354 1.29993e+10
355 1.24496e+10
356 1.2115e+10
357 1.16926e+10
358 1.18286e+10
359 1.20307e+10
360 1.20289e+10
361 1.27561e+10
362 1.24102e+10
363 1.17869e+10
364 1.17437e+10
365 1.15953e+10
366 1.16594e+10
367 1.13959e+10
368 1.13015e+10
369 1.17915e+10
370 1.16704e+10
371 1.08635e+10
372 1.13762e+10
373 1.1475e+10
374 1.11163e+10
375 1.06518e+10
376 1.13604e+10
377 1.0832e+10
378 1.07127e+10
379 1.06408e+10
380 1.08294e+10
381 1.0913e+10
382 1.06833e+10
383 1.03691e+10
384 1.10394e+10
385 1.04283e+10
386 1.06466e+10
387 9.99093e+09
388 1.08865e+10
389 1.00706e+10
390 9.86481e+09
391 9.95442e+09
392 9.97381e+09
393 1.02247e+10
394 1.0332e+10
395 9.87105e+09
396 9.77479e+09
397 1.0181e+10
398 9.8003e+09
399 9.45916e+09
400 9.71101e+09
401 1.00075e+10
402 1.0164e+10
403 9.62273e+09
404 9.4091e+09
405 9.46375e+09
406 9.38264e+09
407 9.49102e+09
408 9.15151e+09
409 9.62048e+09
410 9.41279e+09
411 9.26941e+09
412 8.68721e+09
413 8.90159e+09
414 9.11324e+09
415 8.61053e+09
416 8.76656e+09
417 8.60073e+09
418 8.36884e+09
419 8.779e+09
420 8.11998e+09
421 8.71347e+09
422 8.75683e+09
423 8.63088e+09
424 8.8166e+09
425 8.58326e+09
426 8.6222e+09
427 8.42006e+09
428 8.68745e+09
429 7.9049e+09
430 8.63895e+09
431 8.40271e+09
432 8.02138e+09
433 8.03673e+09
434 8.94589e+09
435 8.42178e+09
436 7.8934e+09
437 8.34785e+09
438 8.13444e+09
439 7.76261e+09
440 7.80284e+09
441 7.78742e+09
442 7.23596e+09
443 7.66097e+09
444 7.48069e+09
445 7.4358e+09
446 7.82403e+09
447 7.57364e+09
448 7.58491e+09
449 7.41858e+09
450 7.59026e+09
451 7.49027e+09
452 7.69886e+09
453 7.65978e+09
454 7.20132e+09
455 7.10822e+09
456 7.40505e+09
457 7.60646e+09
458 6.98632e+09
459 7.35914e+09
460 7.14281e+09
461 6.6978e+09
462 7.17306e+09
463 7.17037e+09
464 7.31523e+09
465 6.78536e+09
466 6.97275e+09
467 6.79456e+09
468 7.00355e+09
469 6.52686e+09
470 6.59821e+09
471 6.64864e+09
472 6.54098e+09
473 6.73255e+09
474 6.75178e+09
475 6.51463e+09
476 6.38674e+09
477 6.74788e+09
478 6.78251e+09
479 6.3927e+09
480 6.49118e+09
481 6.28552e+09
482 6.30399e+09
483 6.42033e+09
484 6.08513e+09
485 6.05979e+09
486 5.993e+09
487 6.05932e+09
488 6.26704e+09
489 6.13643e+09
490 5.92495e+09
491 6.16838e+09
492 5.76873e+09
493 5.87198e+09
494 6.03667e+09
495 6.06038e+09
496 5.76832e+09
497 5.62488e+09
498 5.84485e+09
499 6.00078e+09
500 5.71655e+09
501 5.82951e+09
502 5.53681e+09
503 5.80247e+09
504 5.51591e+09
505 5.71917e+09
506 5.83741e+09
507 5.3425e+09
508 5.48086e+09
509 5.558e+09
510 5.5319e+09
511 5.49254e+09
512 5.48912e+09
513 5.20595e+09
514 5.28976e+09
515 5.2918e+09
516 5.22371e+09
517 5.36728e+09
518 5.38709e+09
519 5.40207e+09
520 5.29779e+09
521 5.16179e+09
522 5.17958e+09
523 5.13522e+09
524 5.13866e+09
525 4.99619e+09
526 4.96768e+09
527 4.84178e+09
528 5.08036e+09
529 4.85657e+09
530 4.88362e+09
531 4.72946e+09
532 4.94802e+09
533 4.79724e+09
534 5.05888e+09
535 4.89696e+09
536 4.64019e+09
537 4.50832e+09
538 4.84853e+09
539 4.67412e+09
540 4.79304e+09
541 4.62389e+09
542 4.49917e+09
543 4.7332e+09
544 4.64113e+09
545 4.74493e+09
546 4.44516e+09
547 4.52881e+09
548 4.50604e+09
549 4.5417e+09
550 4.60895e+09
551 4.40698e+09
552 4.56622e+09
553 4.3559e+09
554 4.35655e+09
555 4.33502e+09
556 4.26496e+09
557 4.32599e+09
558 4.44308e+09
559 4.3043e+09
560 4.28701e+09
561 4.20713e+09
562 4.03488e+09
563 4.04511e+09
564 4.26003e+09
565 4.03901e+09
566 4.06697e+09
567 4.23254e+09
568 4.05017e+09
569 3.88686e+09
570 4.04794e+09
571 3.95569e+09
572 3.98136e+09
573 3.99659e+09
574 3.9225e+09
575 3.95049e+09
576 3.80018e+09
577 3.86296e+09
578 3.81186e+09
579 3.8209e+09
580 3.98925e+09
581 3.78981e+09
582 3.76871e+09
583 3.73121e+09
584 3.74067e+09
585 3.7577e+09
586 3.70994e+09
587 3.54611e+09
588 3.66879e+09
589 3.90855e+09
590 3.83485e+09
591 3.55515e+09
592 3.56106e+09
593 3.63617e+09
594 3.75521e+09
595 3.47409e+09
596 3.56869e+09
597 3.67242e+09
598 3.52432e+09
599 3.50402e+09
600 3.39726e+09
601 3.4895e+09
602 3.41607e+09
603 3.39872e+09
604 3.31931e+09
605 3.35501e+09
606 3.34692e+09
607 3.39627e+09
608 3.32863e+09
609 3.35106e+09
610 3.23852e+09
611 3.37539e+09
612 3.29334e+09
613 3.21332e+09
614 3.30126e+09
615 3.15823e+09
616 3.20794e+09
617 3.26263e+09
618 3.18586e+09
619 3.10172e+09
620 3.148e+09
621 3.10537e+09
622 3.10663e+09
623 3.12341e+09
624 3.00275e+09
625 3.1002e+09
626 3.08179e+09
627 3.01471e+09
628 2.95966e+09
629 3.06614e+09
630 2.92291e+09
631 3.02389e+09
632 2.98595e+09
633 2.97322e+09
634 2.88551e+09
635 2.84439e+09
636 3.00269e+09
637 2.90435e+09
638 2.82236e+09
639 2.91648e+09
640 2.77729e+09
641 2.85557e+09
642 2.83329e+09
643 2.79546e+09
644 2.73318e+09
645 2.76688e+09
646 2.71511e+09
647 2.79085e+09
648 2.78436e+09
649 2.73623e+09
650 2.54974e+09
651 2.656e+09
652 2.68241e+09
653 2.76958e+09
654 2.62012e+09
655 2.55891e+09
656 2.62809e+09
657 2.61526e+09
658 2.61597e+09
659 2.57347e+09
660 2.52134e+09
661 2.53778e+09
662 2.58365e+09
663 2.52465e+09
664 2.47329e+09
665 2.49128e+09
666 2.52308e+09
667 2.48802e+09
668 2.46523e+09
669 2.47668e+09
670 2.37545e+09
671 2.60067e+09
672 2.44851e+09
673 2.38899e+09
674 2.47085e+09
675 2.44343e+09
676 2.3286e+09
677 2.41371e+09
678 2.39849e+09
679 2.20147e+09
680 2.32528e+09
681 2.38981e+09
682 2.30298e+09
683 2.30165e+09
684 2.23934e+09
685 2.27224e+09
686 2.26772e+09
687 2.30493e+09
688 2.19586e+09
689 2.35135e+09
690 2.31839e+09
691 2.23729e+09
692 2.2128e+09
693 2.2212e+09
694 2.2062e+09
695 2.145e+09
696 2.2092e+09
697 2.12763e+09
698 2.1589e+09
699 2.17638e+09
700 2.09753e+09
701 2.05525e+09
702 2.07245e+09
703 2.10716e+09
704 2.07759e+09
705 2.15759e+09
706 2.02252e+09
707 1.98873e+09
708 2.08603e+09
709 2.0239e+09
710 1.99616e+09
711 2.08988e+09
712 1.93615e+09
713 2.10818e+09
714 1.96595e+09
715 2.01961e+09
716 1.97227e+09
717 1.98042e+09
718 1.9084e+09
719 1.91763e+09
720 1.948e+09
721 1.94461e+09
722 1.95443e+09
723 1.89632e+09
724 1.91716e+09
725 1.91106e+09
726 1.80735e+09
727 1.87379e+09
728 1.87773e+09
729 1.83663e+09
730 1.80264e+09
731 1.89202e+09
732 1.79675e+09
733 1.83329e+09
734 1.77712e+09
735 1.84336e+09
736 1.82925e+09
737 1.77494e+09
738 1.77655e+09
739 1.75604e+09
740 1.7644e+09
741 1.73103e+09
742 1.74496e+09
743 1.77671e+09
744 1.78294e+09
745 1.79011e+09
746 1.70576e+09
747 1.68862e+09
748 1.72511e+09
749 1.69387e+09
750 1.76776e+09
751 1.70869e+09
752 1.66446e+09
753 1.69147e+09
754 1.69057e+09
755 1.64828e+09
756 1.6076e+09
757 1.61321e+09
758 1.65101e+09
759 1.606e+09
760 1.64824e+09
761 1.6912e+09
762 1.66592e+09
763 1.61753e+09
764 1.57864e+09
765 1.6242e+09
766 1.5841e+09
767 1.58113e+09
768 1.61448e+09
769 1.58332e+09
770 1.59619e+09
771 1.54017e+09
772 1.57354e+09
773 1.57821e+09
774 1.52375e+09
775 1.47586e+09
776 1.49049e+09
777 1.44899e+09
778 1.49399e+09
779 1.54546e+09
780 1.4728e+09
781 1.47598e+09
782 1.49572e+09
783 1.47177e+09
784 1.40296e+09
785 1.4681e+09
786 1.47238e+09
787 1.45669e+09
788 1.44176e+09
789 1.45082e+09
790 1.41087e+09
791 1.4394e+09
792 1.43644e+09
793 1.43187e+09
794 1.41414e+09
795 1.37058e+09
796 1.46217e+09
797 1.41598e+09
798 1.36868e+09
799 1.40126e+09
800 1.42496e+09
801 1.37673e+09
802 1.35834e+09
803 1.31444e+09
804 1.38358e+09
805 1.31392e+09
806 1.33024e+09
807 1.3632e+09
808 1.34661e+09
809 1.32848e+09
810 1.30841e+09
811 1.31543e+09
812 1.28335e+09
813 1.31023e+09
814 1.29082e+09
815 1.32759e+09
816 1.25175e+09
817 1.31206e+09
818 1.30993e+09
819 1.29238e+09
820 1.23189e+09
821 1.29663e+09
822 1.26998e+09
823 1.26388e+09
824 1.25211e+09
825 1.24775e+09
826 1.2542e+09
827 1.23229e+09
828 1.25238e+09
829 1.22647e+09
830 1.20512e+09
831 1.24344e+09
832 1.24946e+09
833 1.20808e+09
834 1.19952e+09
835 1.19134e+09
836 1.22159e+09
837 1.18205e+09
838 1.16618e+09
839 1.15323e+09
840 1.17184e+09
841 1.1431e+09
842 1.14262e+09
843 1.16647e+09
844 1.18318e+09
845 1.15978e+09
846 1.17545e+09
847 1.14926e+09
848 1.0993e+09
849 1.12948e+09
850 1.14172e+09
851 1.10411e+09
852 1.16294e+09
853 1.09936e+09
854 1.12676e+09
855 1.16282e+09
856 1.11645e+09
857 1.12557e+09
858 1.10651e+09
859 1.13219e+09
860 1.09095e+09
861 1.07074e+09
862 1.10286e+09
863 1.1289e+09
864 1.11515e+09
865 1.09894e+09
866 1.09436e+09
867 1.08543e+09
868 1.09517e+09
869 1.10469e+09
870 1.09585e+09
871 1.07663e+09
872 1.05521e+09
873 1.01303e+09
874 1.03893e+09
875 1.02221e+09
876 1.03387e+09
877 1.03528e+09
878 1.02232e+09
879 1.00574e+09
880 1.02495e+09
881 1.04217e+09
882 1.06227e+09
883 1.00445e+09
884 9.93615e+08
885 9.71254e+08
886 9.84999e+08
887 9.95226e+08
888 9.83188e+08
889 9.86621e+08
890 1.00664e+09
891 9.85604e+08
892 1.00002e+09
893 9.82138e+08
894 9.7018e+08
895 9.99425e+08
896 9.78983e+08
897 9.70027e+08
898 9.56871e+08
899 9.80763e+08
900 9.9265e+08
901 9.5776e+08
902 1.00098e+09
903 9.26212e+08
904 9.51134e+08
905 9.94203e+08
906 9.39886e+08
907 9.46588e+08
908 9.63042e+08
909 9.74934e+08
910 9.47159e+08
911 9.55714e+08
912 9.13191e+08
913 9.40706e+08
914 9.21243e+08
915 9.24617e+08
916 9.30242e+08
917 9.47346e+08
918 9.16922e+08
919 9.11981e+08
920 9.05399e+08
921 9.07339e+08
922 8.96227e+08
923 8.77572e+08
924 9.34119e+08
925 8.84791e+08
926 8.81811e+08
927 8.95265e+08
928 8.86809e+08
929 8.98339e+08
930 9.08556e+08
931 8.9432e+08
932 8.71614e+08
933 8.81503e+08
934 9.0027e+08
935 8.87435e+08
936 8.7669e+08
937 8.84889e+08
938 8.82785e+08
939 8.90819e+08
940 8.73948e+08
941 8.57189e+08
942 8.75715e+08
943 8.63792e+08
944 8.74827e+08
945 8.6162e+08
946 8.86954e+08
947 8.61982e+08
948 8.31103e+08
949 8.71544e+08
950 8.22211e+08
951 8.42935e+08
952 8.19173e+08
953 8.40257e+08
954 8.56574e+08
955 8.09553e+08
956 8.32905e+08
957 8.38492e+08
958 8.40048e+08
959 8.50438e+08
960 8.37022e+08
961 8.12984e+08
962 8.07074e+08
963 8.2479e+08
964 8.20124e+08
965 8.13332e+08
966 8.29242e+08
967 8.16712e+08
968 8.25168e+08
969 7.99117e+08
970 8.02632e+08
971 8.20717e+08
972 8.24226e+08
973 8.09563e+08
974 7.99175e+08
975 8.13946e+08
976 7.80227e+08
977 7.92907e+08
978 8.20344e+08
979 8.05095e+08
980 7.55303e+08
981 8.05552e+08
982 7.92214e+08
983 8.20935e+08
984 7.74692e+08
985 7.77939e+08
986 8.05707e+08
987 7.84585e+08
988 7.89204e+08
989 7.80645e+08
990 7.60539e+08
991 8.03185e+08
992 7.81138e+08
993 7.72356e+08
994 7.79534e+08
995 7.88654e+08
996 7.65268e+08
997 7.96903e+08
998 7.78634e+08
999 7.74697e+08
1000 7.6411e+08
1001 7.789e+08
1002 7.49215e+08
1003 7.55452e+08
1004 7.7917e+08
1005 7.74062e+08
1006 7.70687e+08
1007 7.85181e+08
1008 7.64568e+08
1009 7.65347e+08
1010 7.69989e+08
1011 7.64654e+08
1012 7.5428e+08
1013 7.73306e+08
1014 7.46757e+08
1015 7.37406e+08
1016 7.56524e+08
1017 7.60417e+08
1018 7.50181e+08
1019 7.77713e+08
1020 7.57432e+08
1021 7.36449e+08
1022 7.44939e+08
1023 7.50546e+08
1024 7.46395e+08
