# input_file=p1_1_0.tif
# Nx=2048
# Ny=2048
0 2.86292e+17
1 2.25016e+13
2 1.0125e+13
3 1.23688e+13
4 5.70506e+12
5 8.48916e+12
6 4.75938e+12
7 4.5308e+12
8 4.08657e+12
9 3.07361e+12
10 3.07638e+12
11 2.22866e+12
12 1.82729e+12
13 1.92626e+12
14 1.29775e+12
15 1.28298e+12
16 9.86477e+11
17 1.17351e+12
18 1.01873e+12
19 8.94288e+11
20 7.36594e+11
21 8.55084e+11
22 5.96952e+11
23 7.26955e+11
24 5.1876e+11
25 5.33847e+11
26 6.202e+11
27 5.52119e+11
28 6.32764e+11
29 4.76133e+11
30 4.71901e+11
31 4.06467e+11
32 3.96026e+11
33 3.7342e+11
34 3.15245e+11
35 4.07168e+11
36 2.96337e+11
37 3.51775e+11
38 3.52586e+11
39 3.26133e+11
40 3.38507e+11
41 2.74112e+11
42 3.04541e+11
43 2.87267e+11
44 2.81675e+11
45 2.19677e+11
46 2.52782e+11
47 2.58576e+11
48 2.3336e+11
49 2.52499e+11
50 2.36182e+11
51 2.23145e+11
52 2.33478e+11
53 1.98936e+11
54 2.07603e+11
55 1.90015e+11
56 2.23497e+11
57 1.76012e+11
58 1.90184e+11
59 1.88543e+11
60 1.79241e+11
61 2.0543e+11
62 1.80555e+11
63 1.96827e+11
64 1.86056e+11
65 1.65877e+11
66 1.51856e+11
67 1.54454e+11
68 1.53764e+11
69 1.64236e+11
70 1.66351e+11
71 1.50882e+11
72 1.33161e+11
73 1.47796e+11
74 1.49475e+11
75 1.41281e+11
76 1.34869e+11
77 1.35595e+11
78 1.28472e+11
79 1.24681e+11
80 1.29382e+11
81 1.28298e+11
82 1.19833e+11
83 1.20668e+11
84 1.43863e+11
85 1.09934e+11
86 1.17163e+11
87 1.11171e+11
88 1.09137e+11
89 1.05892e+11
90 1.14766e+11
91 1.11064e+11
92 1.0215e+11
93 9.64815e+10
94 1.01614e+11
95 1.11993e+11
96 9.74851e+10
97 9.10631e+10
98 9.11693e+10
99 9.3784e+10
100 9.51868e+10
101 1.03473e+11
102 9.36175e+10
103 8.47015e+10
104 9.5277e+10
105 8.91273e+10
106 9.20257e+10
107 8.52026e+10
108 7.92302e+10
109 8.6438e+10
110 8.5873e+10
111 8.18531e+10
112 7.9604e+10
113 7.79577e+10
114 7.58437e+10
115 7.65454e+10
116 7.36788e+10
117 7.31193e+10
118 6.79921e+10
119 7.01732e+10
120 7.52372e+10
121 7.91169e+10
122 7.41855e+10
123 6.71237e+10
124 7.32164e+10
125 6.73802e+10
126 6.56632e+10
127 6.97472e+10
128 6.43765e+10
129 6.80064e+10
130 6.17299e+10
131 6.36647e+10
132 6.75222e+10
133 5.86343e+10
134 5.76848e+10
135 6.14291e+10
136 5.89877e+10
137 5.89232e+10
138 5.7826e+10
139 5.71141e+10
140 5.74397e+10
141 5.3247e+10
142 5.52987e+10
143 5.67001e+10
144 5.8427e+10
145 5.14877e+10
146 5.40442e+10
147 5.36332e+10
148 5.10345e+10
149 5.4109e+10
150 4.88954e+10
151 4.86903e+10
152 4.84362e+10
153 4.69212e+10
154 4.60719e+10
155 4.65911e+10
156 5.13104e+10
157 5.04113e+10
158 4.56168e+10
159 4.78922e+10
160 4.80652e+10
161 4.44865e+10
162 4.62798e+10
163 4.34292e+10
164 4.14955e+10
165 4.46501e+10
166 4.30657e+10
167 4.24128e+10
168 4.23413e+10
169 4.33263e+10
170 4.13035e+10
171 4.22575e+10
172 3.97451e+10
173 4.10885e+10
174 3.93912e+10
175 4.09911e+10
176 4.07e+10
177 3.84785e+10
178 3.60583e+10
179 3.58555e+10
180 4.12933e+10
181 3.69686e+10
182 3.813e+10
183 3.80822e+10
184 3.56704e+10
185 3.66143e+10
186 3.7657e+10
187 3.62603e+10
188 3.50504e+10
189 3.70923e+10
190 3.30018e+10
191 3.47758e+10
192 3.37348e+10
193 3.42779e+10
194 3.35009e+10
195 3.16655e+10
196 3.46397e+10
197 3.65266e+10
198 3.18558e+10
199 3.23767e+10
200 2.98228e+10
201 3.34867e+10
202 3.19663e+10
203 3.22745e+10
204 2.90819e+10
205 3.10832e+10
206 2.95096e+10
207 2.98246e+10
208 3.07988e+10
209 3.16234e+10
210 2.7957e+10
211 2.84681e+10
212 3.09266e+10
213 2.8541e+10
214 2.94411e+10
215 2.81946e+10
216 2.90762e+10
217 2.85556e+10
218 2.82486e+10
219 2.76476e+10
220 2.55286e+10
221 2.85427e+10
222 2.87279e+10
223 2.80708e+10
224 2.41975e+10
225 2.73187e+10
226 2.59518e+10
227 2.60947e+10
228 2.80967e+10
229 2.68663e+10
230 2.7498e+10
231 2.64612e+10
232 2.55334e+10
233 2.76912e+10
234 2.47145e+10
235 2.45294e+10
236 2.50683e+10
237 2.44614e+10
238 2.57737e+10
239 2.475e+10
240 2.55028e+10
241 2.32337e+10
242 2.39708e+10
243 2.36775e+10
244 2.39579e+10
245 2.46867e+10
246 2.41856e+10
247 2.18432e+10
248 2.23785e+10
249 2.27816e+10
250 2.22416e+10
251 2.21804e+10
252 2.2739e+10
253 2.17952e+10
254 2.2893e+10
255 2.27059e+10
256 2.2862e+10
257 2.09407e+10
258 2.30725e+10
259 2.37151e+10
260 2.2456e+10
261 2.18632e+10
262 2.11071e+10
263 2.16045e+10
264 2.23882e+10
265 2.18975e+10
266 2.25245e+10
267 2.03334e+10
268 2.09597e+10
269 2.10302e+10
270 2.10941e+10
271 2.05863e+10
272 2.14011e+10
273 2.04646e+10
274 2.00707e+10
275 2.02359e+10
276 1.86395e+10
277 1.94742e+10
278 1.93687e+10
279 2.0193e+10
280 1.91828e+10
281 1.99331e+10
282 1.99069e+10
283 1.96822e+10
284 1.82749e+10
285 1.85479e+10
286 1.87714e+10
287 1.98509e+10
288 1.86994e+10
289 1.71741e+10
290 1.7905e+10
291 1.86144e+10
292 1.7416e+10
293 1.79153e+10
294 1.97702e+10
295 1.73496e+10
296 1.81134e+10
297 1.79074e+10
298 1.8212e+10
299 1.70767e+10
300 1.70119e+10
301 1.6935e+10
302 1.78199e+10
303 1.73195e+10
304 1.82936e+10
305 1.67568e+10
306 1.65189e+10
307 1.62043e+10
308 1.7651e+10
309 1.68669e+10
310 1.65674e+10
311 1.62147e+10
312 1.66751e+10
313 1.66801e+10
314 1.71299e+10
315 1.65139e+10
316 1.63612e+10
317 1.68288e+10
318 1.48777e+10
319 1.57687e+10
320 1.55982e+10
321 1.56931e+10
322 1.62327e+10
323 1.57819e+10
324 1.51874e+10
325 1.44245e+10
326 1.51449e+10
327 1.52619e+10
328 1.51098e+10
329 1.43758e+10
330 1.53049e+10
331 1.46367e+10
332 1.56915e+10
333 1.47325e+10
334 1.42058e+10
335 1.37228e+10
336 1.40802e+10
337 1.43122e+10
338 1.43408e+10
339 1.46243e+10
340 1.42045e+10
341 1.45977e+10
342 1.32008e+10
343 1.40229e+10
344 1.36699e+10
345 1.36976e+10
346 1.3823e+10
347 1.3607e+10
348 1.36527e+10
349 1.44194e+10
350 1.35566e+10
351 1.30531e+10
352 1.36664e+10
353 1.35386e+10
354 1.31864e+10
355 1.28545e+10
356 1.34979e+10
357 1.28731e+10
358 1.28455e+10
359 1.28562e+10
360 1.28491e+10
361 1.24004e+10
362 1.30816e+10
363 1.28503e+10
364 1.27406e+10
365 1.27213e+10
366 1.1727e+10
367 1.20472e+10
368 1.20583e+10
369 1.18948e+10
370 1.1835e+10
371 1.23958e+10
372 1.19725e+10
373 1.15017e+10
374 1.18351e+10
375 1.23005e+10
376 1.15641e+10
377 1.16958e+10
378 1.16843e+10
379 1.08106e+10
380 1.11048e+10
381 1.11505e+10
382 1.11458e+10
383 1.1665e+10
384 1.08737e+10
385 1.15334e+10
386 1.06699e+10
387 1.07427e+10
388 1.1603e+10
389 1.04006e+10
390 1.05592e+10
391 1.08135e+10
392 1.07028e+10
393 1.06188e+10
394 1.07962e+10
395 1.1093e+10
396 1.06193e+10
397 1.04486e+10
398 9.52092e+09
399 1.05639e+10
400 9.46548e+09
401 1.06759e+10
402 9.86978e+09
403 1.00023e+10
404 9.70264e+09
405 9.83392e+09
406 1.0053e+10
407 9.51021e+09
408 9.50211e+09
409 1.01132e+10
410 9.9728e+09
411 9.70396e+09
412 9.55864e+09
413 9.7718e+09
414 9.70579e+09
415 9.51558e+09
416 9.52019e+09
417 9.76877e+09
418 9.11827e+09
419 9.30556e+09
420 9.2114e+09
421 8.69421e+09
422 9.08706e+09
423 9.22558e+09
424 9.00871e+09
425 8.52581e+09
426 8.88969e+09
427 9.228e+09
428 8.72518e+09
429 9.01689e+09
430 8.85681e+09
431 8.38993e+09
432 8.30947e+09
433 8.34689e+09
434 8.71916e+09
435 8.6611e+09
436 8.46784e+09
437 8.3089e+09
438 8.33709e+09
439 8.22012e+09
440 7.52506e+09
441 8.20018e+09
442 7.92621e+09
443 8.04721e+09
444 8.16406e+09
445 7.76481e+09
446 7.97769e+09
447 8.02053e+09
448 7.75953e+09
449 7.77763e+09
450 7.87436e+09
451 8.00862e+09
452 7.67775e+09
453 7.73349e+09
454 7.1661e+09
455 7.21516e+09
456 7.50385e+09
457 7.59365e+09
458 7.56074e+09
459 7.5712e+09
460 7.68712e+09
461 7.41338e+09
462 7.57318e+09
463 7.32109e+09
464 7.17258e+09
465 7.40257e+09
466 6.97863e+09
467 7.09298e+09
468 6.96588e+09
469 6.98996e+09
470 7.18952e+09
471 7.02501e+09
472 7.26005e+09
473 6.729e+09
474 6.86608e+09
475 6.81005e+09
476 6.625e+09
477 6.70894e+09
478 6.92224e+09
479 6.91753e+09
480 6.87613e+09
481 6.63948e+09
482 6.73249e+09
483 6.66494e+09
484 6.52789e+09
485 6.54646e+09
486 6.47298e+09
487 6.38217e+09
488 6.63654e+09
489 6.19576e+09
490 6.43931e+09
491 6.21647e+09
492 6.40287e+09
493 6.2025e+09
494 6.30886e+09
495 5.917e+09
496 5.84087e+09
497 6.40456e+09
498 6.15522e+09
499 5.92706e+09
500 5.90193e+09
501 5.87706e+09
502 6.12e+09
503 5.7843e+09
504 5.71476e+09
505 5.75351e+09
506 5.85132e+09
507 5.85494e+09
508 5.54032e+09
509 5.77383e+09
510 5.65411e+09
511 5.86002e+09
512 5.79571e+09
513 5.39615e+09
514 5.44745e+09
515 5.56594e+09
516 5.63831e+09
517 5.39138e+09
518 5.27711e+09
519 5.48552e+09
520 5.13716e+09
521 5.26915e+09
522 5.26283e+09
523 5.53332e+09
524 5.50349e+09
525 5.27736e+09
526 5.34515e+09
527 4.98317e+09
528 5.1316e+09
529 5.33732e+09
530 5.14761e+09
531 5.01794e+09
532 4.93276e+09
533 5.09296e+09
534 5.01587e+09
535 4.78041e+09
536 4.74058e+09
537 5.01608e+09
538 4.76426e+09
539 4.91273e+09
540 4.8053e+09
541 4.77488e+09
542 4.66124e+09
543 4.65991e+09
544 4.57455e+09
545 4.6715e+09
546 4.83336e+09
547 4.54752e+09
548 4.63439e+09
549 4.56349e+09
550 4.42612e+09
551 4.63211e+09
552 4.67452e+09
553 4.40384e+09
554 4.50694e+09
555 4.52114e+09
556 4.36026e+09
557 4.609e+09
558 4.30828e+09
559 4.31195e+09
560 4.13245e+09
561 4.31558e+09
562 4.40134e+09
563 4.20826e+09
564 4.35133e+09
565 4.20446e+09
566 4.18625e+09
567 4.41107e+09
568 4.13416e+09
569 4.06845e+09
570 4.20275e+09
571 4.0184e+09
572 4.16167e+09
573 4.11129e+09
574 3.94309e+09
575 4.09067e+09
576 4.08447e+09
577 3.83169e+09
578 3.97801e+09
579 3.97999e+09
580 3.94913e+09
581 3.85431e+09
582 3.92434e+09
583 3.93421e+09
584 3.77011e+09
585 4.05516e+09
586 3.85374e+09
587 3.84666e+09
588 3.72312e+09
589 3.81214e+09
590 3.78187e+09
591 3.57999e+09
592 3.80679e+09
593 3.55484e+09
594 3.59901e+09
595 3.60326e+09
596 3.56267e+09
597 3.64923e+09
598 3.55452e+09
599 3.51362e+09
600 3.60229e+09
601 3.4805e+09
602 3.39017e+09
603 3.37371e+09
604 3.60525e+09
605 3.33391e+09
606 3.46753e+09
607 3.37896e+09
608 3.23139e+09
609 3.41895e+09
610 3.43355e+09
611 3.34737e+09
612 3.28243e+09
613 3.27953e+09
614 3.28927e+09
615 3.28464e+09
616 3.2401e+09
617 3.22111e+09
618 3.19357e+09
619 3.2524e+09
620 3.12209e+09
621 3.23984e+09
622 3.06484e+09
623 3.06872e+09
624 3.19334e+09
625 3.38567e+09
626 3.13227e+09
627 3.09034e+09
628 3.2e+09
629 3.04741e+09
630 2.95802e+09
631 3.06938e+09
632 2.99593e+09
633 3.01086e+09
634 2.92225e+09
635 2.91777e+09
636 2.96475e+09
637 2.91191e+09
638 2.92094e+09
639 2.85777e+09
640 2.82989e+09
641 2.82147e+09
642 2.80983e+09
643 2.75168e+09
644 2.76783e+09
645 2.76652e+09
646 2.73319e+09
647 2.75538e+09
648 2.80565e+09
649 2.8303e+09
650 2.76461e+09
651 2.72469e+09
652 2.79805e+09
653 2.64642e+09
654 2.65681e+09
655 2.77487e+09
656 2.6675e+09
657 2.75505e+09
658 2.59951e+09
659 2.65351e+09
660 2.68775e+09
661 2.56508e+09
662 2.66868e+09
663 2.54684e+09
664 2.43153e+09
665 2.53427e+09
666 2.63667e+09
667 2.43051e+09
668 2.54273e+09
669 2.47159e+09
670 2.5495e+09
671 2.46461e+09
672 2.4181e+09
673 2.40978e+09
674 2.42447e+09
675 2.5409e+09
676 2.4246e+09
677 2.38494e+09
678 2.3922e+09
679 2.345e+09
680 2.37502e+09
681 2.33982e+09
682 2.22841e+09
683 2.43001e+09
684 2.29544e+09
685 2.25411e+09
686 2.24007e+09
687 2.27494e+09
688 2.18087e+09
689 2.31148e+09
690 2.29016e+09
691 2.2908e+09
692 2.26697e+09
693 2.31023e+09
694 2.21306e+09
695 2.17927e+09
696 2.1827e+09
697 2.17953e+09
698 2.16536e+09
699 2.10457e+09
700 2.16523e+09
701 2.21142e+09
702 2.14107e+09
703 2.078e+09
704 2.05996e+09
705 2.1032e+09
706 2.09477e+09
707 2.07429e+09
708 2.07573e+09
709 2.05219e+09
710 2.02698e+09
711 1.94628e+09
712 2.08736e+09
713 2.05705e+09
714 2.01771e+09
715 2.01985e+09
716 2.0329e+09
717 1.95071e+09
718 1.98577e+09
719 1.99341e+09
720 1.90905e+09
721 1.99498e+09
722 2.03413e+09
723 1.96093e+09
724 1.93709e+09
725 1.86008e+09
726 1.86863e+09
727 1.85122e+09
728 1.90312e+09
729 1.85358e+09
730 1.88764e+09
731 1.88828e+09
732 1.79561e+09
733 1.84165e+09
734 1.83203e+09
735 1.76474e+09
736 1.83384e+09
737 1.76987e+09
738 1.74886e+09
739 1.78392e+09
740 1.76496e+09
741 1.7878e+09
742 1.75414e+09
743 1.7397e+09
744 1.77054e+09
745 1.73703e+09
746 1.72911e+09
747 1.76668e+09
748 1.68338e+09
749 1.75176e+09
750 1.68129e+09
751 1.6653e+09
752 1.68937e+09
753 1.65099e+09
754 1.69175e+09
755 1.68676e+09
756 1.67563e+09
757 1.65203e+09
758 1.66628e+09
759 1.63463e+09
760 1.57615e+09
761 1.57116e+09
762 1.64651e+09
763 1.60113e+09
764 1.54754e+09
765 1.61738e+09
766 1.62944e+09
767 1.58764e+09
768 1.59445e+09
769 1.5549e+09
770 1.52959e+09
771 1.55947e+09
772 1.55419e+09
773 1.45972e+09
774 1.54188e+09
775 1.55553e+09
776 1.50109e+09
777 1.5283e+09
778 1.51366e+09
779 1.50481e+09
780 1.48635e+09
781 1.51114e+09
782 1.49243e+09
783 1.45737e+09
784 1.46011e+09
785 1.42553e+09
786 1.48685e+09
787 1.45082e+09
788 1.48264e+09
789 1.49979e+09
790 1.40706e+09
791 1.46671e+09
792 1.38237e+09
793 1.43784e+09
794 1.38685e+09
795 1.39688e+09
796 1.42981e+09
797 1.38265e+09
798 1.32777e+09
799 1.41144e+09
800 1.37801e+09
801 1.37336e+09
802 1.36571e+09
803 1.33807e+09
804 1.35955e+09
805 1.36531e+09
806 1.36155e+09
807 1.31572e+09
808 1.37329e+09
809 1.31981e+09
810 1.3071e+09
811 1.33567e+09
812 1.3643e+09
813 1.27929e+09
814 1.32588e+09
815 1.2834e+09
816 1.32206e+09
817 1.27132e+09
818 1.28908e+09
819 1.24271e+09
820 1.29291e+09
821 1.28709e+09
822 1.26813e+09
823 1.26575e+09
824 1.22135e+09
825 1.223e+09
826 1.26877e+09
827 1.25399e+09
828 1.27081e+09
829 1.262e+09
830 1.1835e+09
831 1.21974e+09
832 1.21097e+09
833 1.21212e+09
834 1.2104e+09
835 1.22475e+09
836 1.21125e+09
837 1.1739e+09
838 1.1451e+09
839 1.19573e+09
840 1.22618e+09
841 1.17678e+09
842 1.10961e+09
843 1.17819e+09
844 1.16709e+09
845 1.17104e+09
846 1.19232e+09
847 1.12729e+09
848 1.12675e+09
849 1.12276e+09
850 1.1514e+09
851 1.12434e+09
852 1.14001e+09
853 1.15099e+09
854 1.1143e+09
855 1.14863e+09
856 1.10448e+09
857 1.14397e+09
858 1.16317e+09
859 1.11682e+09
860 1.10399e+09
861 1.11573e+09
862 1.08143e+09
863 1.12064e+09
864 1.11104e+09
865 1.0845e+09
866 1.07557e+09
867 1.11625e+09
868 1.05623e+09
869 1.07715e+09
870 1.0836e+09
871 1.06944e+09
872 1.04859e+09
873 1.05751e+09
874 1.06597e+09
875 9.93906e+08
876 1.07969e+09
877 1.03544e+09
878 1.03441e+09
879 1.04227e+09
880 1.04243e+09
881 1.03318e+09
882 1.05055e+09
883 1.00112e+09
884 1.03812e+09
885 1.0101e+09
886 1.02435e+09
887 1.00846e+09
888 1.04793e+09
889 9.74135e+08
890 9.91399e+08
891 1.01826e+09
892 9.9308e+08
893 9.79946e+08
894 1.00375e+09
895 9.97979e+08
896 9.85322e+08
897 9.93077e+08
898 9.90297e+08
899 9.69944e+08
900 9.4632e+08
901 1.00268e+09
902 9.81834e+08
903 9.68428e+08
904 9.57805e+08
905 9.57551e+08
906 9.72639e+08
907 9.64629e+08
908 9.67494e+08
909 9.61236e+08
910 9.55599e+08
911 9.60955e+08
912 9.24333e+08
913 9.09025e+08
914 9.48163e+08
915 9.14535e+08
916 9.55934e+08
917 9.1242e+08
918 9.37421e+08
919 9.02554e+08
920 9.13955e+08
921 9.3319e+08
922 9.08042e+08
923 8.93582e+08
924 9.24309e+08
925 9.20855e+08
926 9.09351e+08
927 8.78983e+08
928 9.07597e+08
929 8.97941e+08
930 9.05046e+08
931 9.21694e+08
932 9.02766e+08
933 9.01357e+08
934 8.97966e+08
935 8.85796e+08
936 8.7441e+08
937 9.02209e+08
938 8.96649e+08
939 8.90154e+08
940 8.76406e+08
941 8.75319e+08
942 8.67009e+08
943 8.66723e+08
944 8.94854e+08
945 8.72596e+08
946 8.35557e+08
947 8.67872e+08
948 8.44987e+08
949 8.50155e+08
950 8.59189e+08
951 8.65398e+08
952 8.53369e+08
953 8.53143e+08
954 8.87389e+08
955 8.14465e+08
956 8.52889e+08
957 8.2436e+08
958 8.58776e+08
959 8.56265e+08
960 8.48415e+08
961 8.20545e+08
962 8.45795e+08
963 8.46638e+08
964 7.97282e+08
965 8.08043e+08
966 8.33085e+08
967 8.29607e+08
968 8.14606e+08
969 8.24503e+08
970 8.12967e+08
971 8.14852e+08
972 8.21311e+08
973 8.24912e+08
974 8.10242e+08
975 8.25328e+08
976 8.03644e+08
977 7.99175e+08
978 8.17115e+08
979 8.03808e+08
980 8.0099e+08
981 8.21468e+08
982 7.95081e+08
983 8.07457e+08
984 8.17257e+08
985 8.30606e+08
986 7.77823e+08
987 7.81405e+08
988 7.76554e+08
989 8.01743e+08
990 7.91318e+08
991 7.93373e+08
992 7.78344e+08
993 7.74464e+08
994 8.07659e+08
995 7.66881e+08
996 7.78596e+08
997 7.86453e+08
998 7.78961e+08
999 7.80053e+08
1000 7.71561e+08
1001 7.7834e+08
1002 7.71549e+08
1003 7.61589e+08
1004 7.69826e+08
1005 7.46063e+08
1006 7.76147e+08
1007 7.55694e+08
1008 7.52425e+08
1009 7.58222e+08
1010 7.4376e+08
1011 7.62796e+08
1012 7.47335e+08
1013 7.72716e+08
1014 7.55589e+08
1015 7.56101e+08
1016 7.56962e+08
1017 7.53395e+08
1018 7.65298e+08
1019 7.43426e+08
1020 7.44666e+08
1021 7.50837e+08
1022 7.61027e+08
1023 7.49151e+08
1024 7.53134e+08
