# input_file=p1_1_3.tif
# Nx=2048
# Ny=2048
0 2.86477e+17
1 6.06223e+12
2 8.46116e+12
3 8.9076e+12
4 9.89208e+12
5 4.39087e+12
6 4.02078e+12
7 3.48729e+12
8 4.63572e+12
9 3.31298e+12
10 3.04586e+12
11 1.95644e+12
12 2.79298e+12
13 2.11533e+12
14 1.3054e+12
15 1.15914e+12
16 1.53657e+12
17 1.04191e+12
18 1.13104e+12
19 1.13099e+12
20 7.81975e+11
21 7.80668e+11
22 6.93003e+11
23 6.78435e+11
24 6.01111e+11
25 6.93022e+11
26 6.37791e+11
27 5.87018e+11
28 5.95255e+11
29 5.44871e+11
30 5.44978e+11
31 5.61692e+11
32 4.55498e+11
33 5.27129e+11
34 4.29354e+11
35 4.25836e+11
36 3.65184e+11
37 3.91202e+11
38 3.81855e+11
39 3.38176e+11
40 3.13386e+11
41 3.42488e+11
42 3.26164e+11
43 3.32448e+11
44 3.10844e+11
45 3.13665e+11
46 2.76265e+11
47 3.29665e+11
48 2.66922e+11
49 2.70509e+11
50 2.70626e+11
51 2.80176e+11
52 2.69807e+11
53 2.3579e+11
54 2.50864e+11
55 2.59289e+11
56 2.23089e+11
57 2.03983e+11
58 1.88716e+11
59 2.07314e+11
60 2.05753e+11
61 1.99533e+11
62 1.85091e+11
63 1.8213e+11
64 1.79657e+11
65 2.05494e+11
66 1.80134e+11
67 1.7187e+11
68 1.69801e+11
69 1.65019e+11
70 1.72953e+11
71 1.62336e+11
72 1.62758e+11
73 1.71392e+11
74 1.54403e+11
75 1.36302e+11
76 1.47381e+11
77 1.44422e+11
78 1.47018e+11
79 1.33082e+11
80 1.37153e+11
81 1.2802e+11
82 1.2842e+11
83 1.36603e+11
84 1.38073e+11
85 1.38914e+11
86 1.32861e+11
87 1.15305e+11
88 1.16292e+11
89 1.19646e+11
90 1.07251e+11
91 1.17751e+11
92 1.26517e+11
93 1.15883e+11
94 9.51252e+10
95 1.03335e+11
96 9.75619e+10
97 9.98218e+10
98 1.06353e+11
99 9.82729e+10
100 1.06176e+11
101 9.38652e+10
102 9.30011e+10
103 9.41114e+10
104 8.19878e+10
105 9.06838e+10
106 8.23277e+10
107 9.27484e+10
108 8.89883e+10
109 8.36328e+10
110 8.85843e+10
111 8.05383e+10
112 7.80071e+10
113 8.00666e+10
114 8.1151e+10
115 7.91783e+10
116 7.59642e+10
117 8.46832e+10
118 7.71488e+10
119 7.19168e+10
120 7.18383e+10
121 6.6432e+10
122 7.70518e+10
123 7.33147e+10
124 6.50384e+10
125 7.05902e+10
126 7.15837e+10
127 7.00804e+10
128 6.25079e+10
129 6.06583e+10
130 6.62264e+10
131 5.99525e+10
132 6.33269e+10
133 6.68454e+10
134 6.16346e+10
135 6.31137e+10
136 5.93967e+10
137 6.13555e+10
138 6.1422e+10
139 6.00554e+10
140 4.92542e+10
141 5.5506e+10
142 5.42544e+10
143 5.59826e+10
144 4.80187e+10
145 5.32391e+10
146 5.41671e+10
147 5.61105e+10
148 5.08329e+10
149 5.57505e+10
150 4.64183e+10
151 4.79971e+10
152 4.67917e+10
153 4.76445e+10
154 4.79567e+10
155 5.18116e+10
156 4.7138e+10
157 5.12979e+10
158 4.81617e+10
159 4.51589e+10
160 4.69695e+10
161 4.71457e+10
162 4.25555e+10
163 4.67107e+10
164 4.24452e+10
165 4.27187e+10
166 4.34211e+10
167 4.38296e+10
168 4.20587e+10
169 4.05234e+10
170 3.97022e+10
171 3.98865e+10
172 4.05041e+10
173 3.71281e+10
174 3.79621e+10
175 3.89512e+10
176 4.10955e+10
177 4.04298e+10
178 3.77889e+10
179 3.59416e+10
180 3.89589e+10
181 3.89844e+10
182 3.82476e+10
183 3.67451e+10
184 3.69835e+10
185 3.83429e+10
186 3.35188e+10
187 3.37785e+10
188 3.3122e+10
189 3.59956e+10
190 3.58114e+10
191 3.43952e+10
192 3.32331e+10
193 3.60818e+10
194 3.47213e+10
195 3.30392e+10
196 3.36999e+10
197 3.36521e+10
198 3.2228e+10
199 3.40431e+10
200 3.21298e+10
201 3.09105e+10
202 2.9931e+10
203 3.27409e+10
204 3.13866e+10
205 3.00849e+10
206 2.9053e+10
207 3.04109e+10
208 3.00977e+10
209 2.97608e+10
210 2.96075e+10
211 2.99706e+10
212 2.89423e+10
213 2.86748e+10
214 2.86031e+10
215 2.93608e+10
216 2.84511e+10
217 2.70804e+10
218 2.85009e+10
219 2.73421e+10
220 2.79528e+10
221 2.94544e+10
222 2.62367e+10
223 2.56524e+10
224 2.61557e+10
225 2.62197e+10
226 2.60219e+10
227 2.68304e+10
228 2.6349e+10
229 2.64721e+10
230 2.6167e+10
231 2.59024e+10
232 2.59826e+10
233 2.52362e+10
234 2.56418e+10
235 2.54627e+10
236 2.50975e+10
237 2.54032e+10
238 2.52936e+10
239 2.35151e+10
240 2.38048e+10
241 2.47134e+10
242 2.31685e+10
243 2.32721e+10
244 2.31799e+10
245 2.25593e+10
246 2.25777e+10
247 2.41363e+10
248 2.19021e+10
249 2.44153e+10
250 2.27334e+10
251 2.43965e+10
252 2.24494e+10
253 2.26066e+10
254 2.33833e+10
255 2.18616e+10
256 2.25013e+10
257 2.07699e+10
258 2.27128e+10
259 2.21623e+10
260 2.0789e+10
261 2.0862e+10
262 2.27472e+10
263 1.95294e+10
264 2.02899e+10
265 2.14076e+10
266 2.07383e+10
267 2.07436e+10
268 2.13563e+10
269 2.03731e+10
270 1.95058e+10
271 2.00934e+10
272 2.04351e+10
273 2.02474e+10
274 2.01701e+10
275 2.00882e+10
276 1.94659e+10
277 2.04926e+10
278 1.98766e+10
279 1.88563e+10
280 1.90698e+10
281 1.92534e+10
282 1.90195e+10
283 1.97931e+10
284 1.96878e+10
285 1.76609e+10
286 1.78904e+10
287 1.89431e+10
288 1.81283e+10
289 1.77541e+10
290 1.84318e+10
291 1.83557e+10
292 1.76739e+10
293 1.8185e+10
294 1.7532e+10
295 1.77175e+10
296 1.79587e+10
297 1.67066e+10
298 1.79886e+10
299 1.75466e+10
300 1.76907e+10
301 1.65562e+10
302 1.70688e+10
303 1.75301e+10
304 1.70298e+10
305 1.78588e+10
306 1.60815e+10
307 1.66013e+10
308 1.62917e+10
309 1.57965e+10
310 1.59813e+10
311 1.60943e+10
312 1.70899e+10
313 1.60299e+10
314 1.55547e+10
315 1.54064e+10
316 1.67236e+10
317 1.54366e+10
318 1.51275e+10
319 1.55677e+10
320 1.49976e+10
321 1.54147e+10
322 1.53545e+10
323 1.59441e+10
324 1.44562e+10
325 1.48707e+10
326 1.55587e+10
327 1.52257e+10
328 1.46003e+10
329 1.4628e+10
330 1.47515e+10
331 1.46511e+10
332 1.47431e+10
333 1.46066e+10
334 1.4167e+10
335 1.39666e+10
336 1.41198e+10
337 1.47256e+10
338 1.34592e+10
339 1.44369e+10
340 1.41393e+10
341 1.35675e+10
342 1.39017e+10
343 1.35356e+10
344 1.37383e+10
345 1.38239e+10
346 1.3285e+10
347 1.33814e+10
348 1.31988e+10
349 1.24062e+10
350 1.33435e+10
351 1.30923e+10
352 1.33482e+10
353 1.28395e+10
354 1.28569e+10
355 1.27495e+10
356 1.3091e+10
357 1.21275e+10
358 1.33709e+10
359 1.29712e+10
360 1.2501e+10
361 1.25227e+10
362 1.20364e+10
363 1.27019e+10
364 1.23111e+10
365 1.18369e+10
366 1.22696e+10
367 1.27249e+10
368 1.19156e+10
369 1.17947e+10
370 1.16216e+10
371 1.23988e+10
372 1.17435e+10
373 1.18329e+10
374 1.21684e+10
375 1.16295e+10
376 1.172e+10
377 1.20932e+10
378 1.13383e+10
379 1.07458e+10
380 1.05947e+10
381 1.15552e+10
382 1.1511e+10
383 1.03419e+10
384 1.09971e+10
385 1.09545e+10
386 1.07157e+10
387 1.08458e+10
388 1.09404e+10
389 1.1631e+10
390 1.07017e+10
391 1.08178e+10
392 1.01779e+10
393 1.04622e+10
394 1.0245e+10
395 1.03849e+10
396 1.01634e+10
397 1.02365e+10
398 1.02642e+10
399 9.79875e+09
400 1.01434e+10
401 1.07353e+10
402 1.00978e+10
403 1.03603e+10
404 9.42375e+09
405 9.83567e+09
406 9.18406e+09
407 9.52433e+09
408 9.28732e+09
409 9.95404e+09
410 9.86633e+09
411 9.37401e+09
412 9.4857e+09
413 9.41566e+09
414 9.32659e+09
415 9.53637e+09
416 9.41351e+09
417 9.54522e+09
418 9.23979e+09
419 9.07688e+09
420 8.81086e+09
421 8.94316e+09
422 8.45409e+09
423 9.01275e+09
424 8.76968e+09
425 9.12215e+09
426 8.65132e+09
427 9.23785e+09
428 8.46731e+09
429 8.80895e+09
430 8.84525e+09
431 8.72948e+09
432 8.70689e+09
433 8.6222e+09
434 8.40999e+09
435 8.20201e+09
436 8.32964e+09
437 8.12003e+09
438 8.43813e+09
439 7.82523e+09
440 7.95632e+09
441 8.08429e+09
442 7.85542e+09
443 8.21035e+09
444 8.30332e+09
445 8.14975e+09
446 7.65665e+09
447 7.8823e+09
448 7.72203e+09
449 8.15062e+09
450 7.82829e+09
451 7.46098e+09
452 7.65352e+09
453 7.55505e+09
454 7.35183e+09
455 7.39636e+09
456 7.65836e+09
457 7.65646e+09
458 7.32164e+09
459 7.32398e+09
460 7.73573e+09
461 7.04801e+09
462 7.03315e+09
463 7.13012e+09
464 7.23136e+09
465 7.32859e+09
466 7.20838e+09
467 7.21101e+09
468 7.32119e+09
469 7.07539e+09
470 6.90779e+09
471 6.87754e+09
472 6.856e+09
473 7.34379e+09
474 6.82192e+09
475 6.59355e+09
476 6.83773e+09
477 6.45281e+09
478 6.50183e+09
479 6.78923e+09
480 6.64687e+09
481 6.66505e+09
482 6.61582e+09
483 7.07252e+09
484 6.5147e+09
485 6.39392e+09
486 6.18718e+09
487 6.6779e+09
488 6.18784e+09
489 6.44272e+09
490 6.16576e+09
491 6.20118e+09
492 6.26226e+09
493 6.35909e+09
494 6.19362e+09
495 6.00252e+09
496 6.38192e+09
497 6.2926e+09
498 6.38767e+09
499 5.93471e+09
500 5.95043e+09
501 6.22674e+09
502 5.95163e+09
503 5.98606e+09
504 5.75008e+09
505 5.72354e+09
506 5.7459e+09
507 5.56666e+09
508 5.70058e+09
509 5.7329e+09
510 5.78071e+09
511 5.34007e+09
512 5.68852e+09
513 5.53464e+09
514 5.6831e+09
515 5.64923e+09
516 5.66141e+09
517 5.38115e+09
518 5.56576e+09
519 5.26679e+09
520 5.43591e+09
521 5.57552e+09
522 5.29685e+09
523 5.39774e+09
524 5.23294e+09
525 5.05756e+09
526 5.14878e+09
527 5.08148e+09
528 5.2389e+09
529 5.17125e+09
530 5.05264e+09
531 5.1292e+09
532 5.34683e+09
533 5.04129e+09
534 5.14135e+09
535 5.1009e+09
536 4.96148e+09
537 5.05231e+09
538 4.84657e+09
539 4.84184e+09
540 4.92224e+09
541 4.75279e+09
542 4.60881e+09
543 4.77252e+09
544 4.71489e+09
545 4.73802e+09
546 4.70663e+09
547 4.63422e+09
548 4.7848e+09
549 4.67915e+09
550 4.63137e+09
551 4.49927e+09
552 4.52728e+09
553 4.68604e+09
554 4.73022e+09
555 4.43125e+09
556 4.48682e+09
557 4.58473e+09
558 4.38131e+09
559 4.42876e+09
560 4.42308e+09
561 4.29845e+09
562 4.35647e+09
563 4.34359e+09
564 4.29207e+09
565 4.271e+09
566 4.28408e+09
567 4.18509e+09
568 4.32177e+09
569 4.26405e+09
570 4.0747e+09
571 4.0768e+09
572 4.1324e+09
573 4.16396e+09
574 4.00222e+09
575 4.03884e+09
576 4.13501e+09
577 4.10403e+09
578 3.97862e+09
579 4.15082e+09
580 4.01271e+09
581 3.83303e+09
582 4.0345e+09
583 3.99942e+09
584 3.95441e+09
585 3.8988e+09
586 3.97623e+09
587 3.95833e+09
588 3.88701e+09
589 3.95986e+09
590 3.76945e+09
591 3.79879e+09
592 3.82702e+09
593 3.87826e+09
594 3.77208e+09
595 3.74662e+09
596 3.74091e+09
597 3.53982e+09
598 3.55402e+09
599 3.60478e+09
600 3.55394e+09
601 3.6317e+09
602 3.5383e+09
603 3.61612e+09
604 3.56282e+09
605 3.40255e+09
606 3.52801e+09
607 3.51948e+09
608 3.45308e+09
609 3.34706e+09
610 3.44487e+09
611 3.34328e+09
612 3.29291e+09
613 3.2124e+09
614 3.25111e+09
615 3.55563e+09
616 3.30261e+09
617 3.25253e+09
618 3.32486e+09
619 3.25159e+09
620 3.21576e+09
621 3.21468e+09
622 3.28228e+09
623 3.1177e+09
624 3.15766e+09
625 3.11686e+09
626 3.09176e+09
627 3.20065e+09
628 3.06305e+09
629 3.08501e+09
630 3.0181e+09
631 3.06052e+09
632 3.1428e+09
633 2.9121e+09
634 3.02178e+09
635 3.0705e+09
636 3.00702e+09
637 3.09232e+09
638 3.03843e+09
639 2.98604e+09
640 2.87718e+09
641 2.87358e+09
642 2.94015e+09
643 2.97757e+09
644 2.95026e+09
645 2.95193e+09
646 2.78164e+09
647 2.84228e+09
648 2.8267e+09
649 2.92198e+09
650 2.77699e+09
651 2.82784e+09
652 2.87408e+09
653 2.63429e+09
654 2.77234e+09
655 2.80806e+09
656 2.78699e+09
657 2.82939e+09
658 2.7789e+09
659 2.68921e+09
660 2.606e+09
661 2.6119e+09
662 2.68527e+09
663 2.67224e+09
664 2.60446e+09
665 2.49575e+09
666 2.53458e+09
667 2.47568e+09
668 2.48287e+09
669 2.71624e+09
670 2.60287e+09
671 2.52676e+09
672 2.45978e+09
673 2.56091e+09
674 2.40505e+09
675 2.43403e+09
676 2.52001e+09
677 2.33519e+09
678 2.50222e+09
679 2.43854e+09
680 2.44743e+09
681 2.33954e+09
682 2.44131e+09
683 2.35015e+09
684 2.31589e+09
685 2.36226e+09
686 2.36532e+09
687 2.37451e+09
688 2.32726e+09
689 2.31088e+09
690 2.27903e+09
691 2.34009e+09
692 2.32502e+09
693 2.4118e+09
694 2.31542e+09
695 2.26395e+09
696 2.23624e+09
697 2.33251e+09
698 2.21737e+09
699 2.18417e+09
700 2.26027e+09
701 2.16999e+09
702 2.20535e+09
703 2.21442e+09
704 2.14215e+09
705 2.11656e+09
706 2.10518e+09
707 2.11715e+09
708 2.17394e+09
709 2.15865e+09
710 2.12381e+09
711 2.07895e+09
712 2.1026e+09
713 2.10614e+09
714 2.0614e+09
715 2.00943e+09
716 2.05244e+09
717 2.05825e+09
718 2.08104e+09
719 2.06667e+09
720 1.93944e+09
721 2.02345e+09
722 2.0301e+09
723 2.01743e+09
724 1.96774e+09
725 1.96354e+09
726 1.97558e+09
727 1.89996e+09
728 1.9905e+09
729 2.00424e+09
730 1.93564e+09
731 1.86249e+09
732 1.91671e+09
733 1.84504e+09
734 1.87534e+09
735 1.91562e+09
736 1.92441e+09
737 1.85721e+09
738 1.87127e+09
739 1.88225e+09
740 1.85009e+09
741 1.82708e+09
742 1.79864e+09
743 1.85667e+09
744 1.80803e+09
745 1.86407e+09
746 1.78164e+09
747 1.8135e+09
748 1.7705e+09
749 1.72495e+09
750 1.82713e+09
751 1.78836e+09
752 1.70653e+09
753 1.79551e+09
754 1.72706e+09
755 1.66987e+09
756 1.68716e+09
757 1.65917e+09
758 1.70163e+09
759 1.72843e+09
760 1.72393e+09
761 1.65189e+09
762 1.67982e+09
763 1.73177e+09
764 1.66676e+09
765 1.6865e+09
766 1.6555e+09
767 1.62186e+09
768 1.69076e+09
769 1.63697e+09
770 1.65945e+09
771 1.64535e+09
772 1.59697e+09
773 1.57106e+09
774 1.51054e+09
775 1.51806e+09
776 1.52928e+09
777 1.55019e+09
778 1.57501e+09
779 1.52293e+09
780 1.54263e+09
781 1.52614e+09
782 1.52596e+09
783 1.5403e+09
784 1.49823e+09
785 1.5299e+09
786 1.49507e+09
787 1.49599e+09
788 1.46703e+09
789 1.50479e+09
790 1.4627e+09
791 1.44184e+09
792 1.48075e+09
793 1.48473e+09
794 1.51761e+09
795 1.42217e+09
796 1.457e+09
797 1.48072e+09
798 1.42717e+09
799 1.40711e+09
800 1.42783e+09
801 1.41326e+09
802 1.42548e+09
803 1.38711e+09
804 1.38369e+09
805 1.3768e+09
806 1.4194e+09
807 1.39937e+09
808 1.4046e+09
809 1.33699e+09
810 1.3932e+09
811 1.39171e+09
812 1.36488e+09
813 1.35067e+09
814 1.34983e+09
815 1.37065e+09
816 1.30207e+09
817 1.33578e+09
818 1.36476e+09
819 1.32655e+09
820 1.35945e+09
821 1.33307e+09
822 1.31504e+09
823 1.30122e+09
824 1.27053e+09
825 1.29832e+09
826 1.2921e+09
827 1.28498e+09
828 1.28781e+09
829 1.26833e+09
830 1.26169e+09
831 1.30603e+09
832 1.22101e+09
833 1.29136e+09
834 1.27112e+09
835 1.26205e+09
836 1.22307e+09
837 1.23054e+09
838 1.24716e+09
839 1.31189e+09
840 1.20526e+09
841 1.23987e+09
842 1.22349e+09
843 1.17331e+09
844 1.20149e+09
845 1.19934e+09
846 1.23333e+09
847 1.16438e+09
848 1.17293e+09
849 1.16385e+09
850 1.12976e+09
851 1.16954e+09
852 1.19364e+09
853 1.14946e+09
854 1.18519e+09
855 1.14614e+09
856 1.17029e+09
857 1.16294e+09
858 1.14239e+09
859 1.1192e+09
860 1.1684e+09
861 1.14328e+09
862 1.10736e+09
863 1.168e+09
864 1.10622e+09
865 1.11546e+09
866 1.11377e+09
867 1.11788e+09
868 1.10722e+09
869 1.1099e+09
870 1.08144e+09
871 1.09479e+09
872 1.08213e+09
873 1.08365e+09
874 1.06804e+09
875 1.09872e+09
876 1.05997e+09
877 1.08849e+09
878 1.04428e+09
879 1.04129e+09
880 1.05258e+09
881 1.08896e+09
882 1.04971e+09
883 1.09775e+09
884 1.04704e+09
885 1.05002e+09
886 1.07006e+09
887 1.07008e+09
888 1.03067e+09
889 1.03294e+09
890 1.0582e+09
891 1.06424e+09
892 1.03628e+09
893 1.04851e+09
894 9.99803e+08
895 9.92571e+08
896 9.47861e+08
897 1.03187e+09
898 9.82461e+08
899 9.7092e+08
900 1.01925e+09
901 9.82495e+08
902 9.92705e+08
903 9.79046e+08
904 9.66471e+08
905 9.96857e+08
906 9.88568e+08
907 9.81229e+08
908 9.9053e+08
909 9.91789e+08
910 9.71775e+08
911 9.84131e+08
912 9.5356e+08
913 9.67353e+08
914 9.75755e+08
915 9.37244e+08
916 9.8438e+08
917 9.50875e+08
918 9.91111e+08
919 9.52639e+08
920 9.51856e+08
921 9.15793e+08
922 9.51718e+08
923 9.51125e+08
924 9.51083e+08
925 9.32205e+08
926 9.1909e+08
927 9.54671e+08
928 9.32807e+08
929 9.38247e+08
930 8.89869e+08
931 9.12828e+08
932 9.30028e+08
933 9.22653e+08
934 9.1672e+08
935 9.03721e+08
936 8.93965e+08
937 9.02295e+08
938 8.95451e+08
939 9.13305e+08
940 9.16257e+08
941 8.9064e+08
942 9.26336e+08
943 8.71788e+08
944 9.03649e+08
945 8.70214e+08
946 8.76894e+08
947 8.78893e+08
948 8.81561e+08
949 9.1446e+08
950 8.72512e+08
951 9.13108e+08
952 8.34201e+08
953 8.5364e+08
954 8.62451e+08
955 8.36596e+08
956 8.61867e+08
957 8.63186e+08
958 8.63534e+08
959 8.75466e+08
960 8.51751e+08
961 8.69937e+08
962 8.47491e+08
963 8.56416e+08
964 8.42856e+08
965 8.50366e+08
966 8.15122e+08
967 8.5391e+08
968 8.73099e+08
969 8.39335e+08
970 8.54605e+08
971 8.55941e+08
972 8.41221e+08
973 8.42453e+08
974 8.43151e+08
975 8.317e+08
976 8.48849e+08
977 8.03507e+08
978 8.36472e+08
979 8.22101e+08
980 8.10711e+08
981 8.30242e+08
982 8.30817e+08
983 7.90224e+08
984 8.12498e+08
985 8.13185e+08
986 8.12202e+08
987 8.0895e+08
988 8.23194e+08
989 8.00048e+08
990 8.04343e+08
991 8.16394e+08
992 7.99306e+08
993 8.19659e+08
994 8.09618e+08
995 8.0707e+08
996 8.23117e+08
997 7.85817e+08
998 8.04669e+08
999 7.86079e+08
1000 8.08531e+08
1001 7.69185e+08
1002 7.91147e+08
1003 7.90837e+08
1004 7.97829e+08
1005 7.7888e+08
1006 7.70383e+08
1007 7.7764e+08
1008 7.80089e+08
1009 7.58401e+08
1010 7.89985e+08
1011 7.83345e+08
1012 7.76156e+08
1013 7.82784e+08
1014 8.08217e+08
1015 7.7859e+08
1016 8.01381e+08
1017 7.76e+08
1018 7.52933e+08
1019 7.79265e+08
1020 7.74294e+08
1021 7.52262e+08
1022 7.92759e+08
1023 7.7338e+08
1024 7.54658e+08
