# input_file=p1_2_1.tif
# Nx=2048
# Ny=2048
0 2.85266e+17
1 1.15667e+13
2 1.02088e+13
3 8.47673e+12
4 9.0391e+12
5 5.38997e+12
6 4.7133e+12
7 5.45563e+12
8 4.96033e+12
9 5.1377e+12
10 2.91101e+12
11 2.46201e+12
12 2.18143e+12
13 1.90111e+12
14 1.06718e+12
15 1.18651e+12
16 1.39548e+12
17 1.23317e+12
18 9.51216e+11
19 8.76494e+11
20 9.28971e+11
21 1.13531e+12
22 7.01213e+11
23 7.18096e+11
24 4.88871e+11
25 6.47365e+11
26 5.64613e+11
27 4.67953e+11
28 6.15953e+11
29 5.98685e+11
30 5.43346e+11
31 4.79937e+11
32 4.02125e+11
33 4.14279e+11
34 3.21137e+11
35 4.23194e+11
36 3.66227e+11
37 3.35184e+11
38 3.22909e+11
39 3.75513e+11
40 2.97807e+11
41 2.98266e+11
42 3.10107e+11
43 2.98922e+11
44 2.41925e+11
45 2.74019e+11
46 2.57749e+11
47 2.70042e+11
48 2.54331e+11
49 2.4361e+11
50 2.15479e+11
51 2.76374e+11
52 2.50758e+11
53 2.0176e+11
54 2.10515e+11
55 1.96413e+11
56 1.94988e+11
57 1.80867e+11
58 2.0932e+11
59 1.88152e+11
60 1.83344e+11
61 1.7436e+11
62 1.96663e+11
63 1.89878e+11
64 1.75919e+11
65 1.58673e+11
66 1.61555e+11
67 1.63824e+11
68 1.54111e+11
69 1.54419e+11
70 1.52437e+11
71 1.39298e+11
72 1.35864e+11
73 1.54876e+11
74 1.47818e+11
75 1.34028e+11
76 1.39695e+11
77 1.32341e+11
78 1.26517e+11
79 1.18021e+11
80 1.15616e+11
81 1.17943e+11
82 1.16829e+11
83 1.19313e+11
84 1.18958e+11
85 1.24587e+11
86 1.12621e+11
87 1.07224e+11
88 1.11377e+11
89 1.13116e+11
90 1.12159e+11
91 9.95988e+10
92 1.1523e+11
93 1.0676e+11
94 1.05734e+11
95 1.02336e+11
96 1.01311e+11
97 1.07017e+11
98 9.93494e+10
99 1.01981e+11
100 1.00177e+11
101 9.56915e+10
102 9.44857e+10
103 8.49864e+10
104 8.68399e+10
105 8.7985e+10
106 8.71029e+10
107 8.69115e+10
108 8.53299e+10
109 8.60124e+10
110 9.0288e+10
111 8.04103e+10
112 7.78699e+10
113 7.719e+10
114 8.28664e+10
115 7.87509e+10
116 7.57567e+10
117 8.00707e+10
118 7.41947e+10
119 7.14478e+10
120 7.19178e+10
121 7.09336e+10
122 7.31883e+10
123 6.94456e+10
124 6.74291e+10
125 7.21518e+10
126 6.52541e+10
127 6.40982e+10
128 6.64974e+10
129 6.51016e+10
130 6.44772e+10
131 6.08622e+10
132 5.96911e+10
133 5.54381e+10
134 5.82176e+10
135 6.10152e+10
136 6.07195e+10
137 5.92604e+10
138 6.15173e+10
139 5.39043e+10
140 5.62457e+10
141 5.75117e+10
142 5.59504e+10
143 5.40306e+10
144 5.44579e+10
145 5.63262e+10
146 5.54691e+10
147 5.36564e+10
148 5.31179e+10
149 5.20416e+10
150 5.18777e+10
151 4.78987e+10
152 4.70359e+10
153 5.0404e+10
154 4.47779e+10
155 4.60722e+10
156 4.63993e+10
157 5.11375e+10
158 4.63805e+10
159 4.81389e+10
160 4.31771e+10
161 4.46011e+10
162 4.54797e+10
163 4.2112e+10
164 4.30152e+10
165 4.66782e+10
166 4.5905e+10
167 4.37462e+10
168 4.10158e+10
169 4.29062e+10
170 3.87476e+10
171 4.12445e+10
172 3.91783e+10
173 3.99737e+10
174 3.91216e+10
175 4.00883e+10
176 4.22208e+10
177 4.09405e+10
178 3.8529e+10
179 3.8993e+10
180 3.82123e+10
181 3.71068e+10
182 3.86661e+10
183 3.54521e+10
184 3.6325e+10
185 3.45587e+10
186 3.66781e+10
187 3.75581e+10
188 3.32476e+10
189 3.55919e+10
190 3.25167e+10
191 3.25485e+10
192 3.46161e+10
193 3.07483e+10
194 3.39472e+10
195 3.35208e+10
196 3.3158e+10
197 3.23704e+10
198 3.06665e+10
199 2.92113e+10
200 3.21259e+10
201 3.29733e+10
202 3.13173e+10
203 3.05282e+10
204 2.95717e+10
205 3.24313e+10
206 2.9184e+10
207 3.02268e+10
208 2.98077e+10
209 2.99848e+10
210 2.96669e+10
211 2.86931e+10
212 2.9474e+10
213 2.72e+10
214 2.7844e+10
215 2.64195e+10
216 3.10118e+10
217 2.96913e+10
218 2.77542e+10
219 2.65375e+10
220 2.77877e+10
221 2.58604e+10
222 2.74912e+10
223 2.91798e+10
224 2.61236e+10
225 2.65403e+10
226 2.65216e+10
227 2.57178e+10
228 2.40621e+10
229 2.72409e+10
230 2.57091e+10
231 2.52939e+10
232 2.64392e+10
233 2.54977e+10
234 2.58804e+10
235 2.64096e+10
236 2.52635e+10
237 2.47043e+10
238 2.42989e+10
239 2.36633e+10
240 2.47294e+10
241 2.42146e+10
242 2.3689e+10
243 2.34963e+10
244 2.37625e+10
245 2.46124e+10
246 2.34062e+10
247 2.29199e+10
248 2.43268e+10
249 2.51889e+10
250 2.34738e+10
251 2.25193e+10
252 2.13376e+10
253 2.31192e+10
254 2.1601e+10
255 2.27492e+10
256 2.31728e+10
257 2.29654e+10
258 2.2579e+10
259 2.11105e+10
260 2.33295e+10
261 2.03859e+10
262 2.20544e+10
263 2.05754e+10
264 2.20814e+10
265 2.0225e+10
266 2.06878e+10
267 2.27281e+10
268 2.0443e+10
269 1.98167e+10
270 2.04526e+10
271 2.06708e+10
272 2.03405e+10
273 2.00475e+10
274 1.85231e+10
275 2.0187e+10
276 2.10987e+10
277 1.8988e+10
278 1.92657e+10
279 1.95687e+10
280 2.0149e+10
281 1.94074e+10
282 1.96963e+10
283 1.94669e+10
284 1.85293e+10
285 1.92499e+10
286 1.90938e+10
287 1.80048e+10
288 1.86659e+10
289 1.75487e+10
290 1.89405e+10
291 1.76247e+10
292 1.8429e+10
293 1.808e+10
294 1.72253e+10
295 1.81676e+10
296 1.83736e+10
297 1.72705e+10
298 1.74395e+10
299 1.85964e+10
300 1.61909e+10
301 1.64334e+10
302 1.6838e+10
303 1.62594e+10
304 1.6161e+10
305 1.66753e+10
306 1.67176e+10
307 1.68106e+10
308 1.74575e+10
309 1.69614e+10
310 1.61487e+10
311 1.62646e+10
312 1.62355e+10
313 1.57038e+10
314 1.63867e+10
315 1.63666e+10
316 1.63941e+10
317 1.67935e+10
318 1.64239e+10
319 1.59448e+10
320 1.54392e+10
321 1.61393e+10
322 1.48846e+10
323 1.46187e+10
324 1.48433e+10
325 1.50393e+10
326 1.49997e+10
327 1.44101e+10
328 1.48251e+10
329 1.42611e+10
330 1.483e+10
331 1.44953e+10
332 1.50322e+10
333 1.46906e+10
334 1.50217e+10
335 1.46506e+10
336 1.39268e+10
337 1.38344e+10
338 1.36306e+10
339 1.409e+10
340 1.3449e+10
341 1.37571e+10
342 1.32429e+10
343 1.32979e+10
344 1.38379e+10
345 1.33814e+10
346 1.40055e+10
347 1.32574e+10
348 1.41511e+10
349 1.33164e+10
350 1.33456e+10
351 1.36056e+10
352 1.33258e+10
353 1.3712e+10
354 1.25588e+10
355 1.30932e+10
356 1.28747e+10
357 1.25052e+10
358 1.25622e+10
359 1.38896e+10
360 1.20202e+10
361 1.36117e+10
362 1.26578e+10
363 1.2741e+10
364 1.27062e+10
365 1.25633e+10
366 1.23046e+10
367 1.20087e+10
368 1.24446e+10
369 1.22221e+10
370 1.18573e+10
371 1.15441e+10
372 1.18161e+10
373 1.11524e+10
374 1.26057e+10
375 1.1102e+10
376 1.2025e+10
377 1.16612e+10
378 1.13764e+10
379 1.06859e+10
380 1.13758e+10
381 1.10308e+10
382 1.1237e+10
383 1.05178e+10
384 1.13523e+10
385 1.09935e+10
386 1.08879e+10
387 1.04796e+10
388 1.10652e+10
389 1.13676e+10
390 1.07096e+10
391 1.0574e+10
392 1.07146e+10
393 1.04978e+10
394 1.04971e+10
395 1.03965e+10
396 1.01658e+10
397 1.0188e+10
398 1.02478e+10
399 1.00414e+10
400 1.065e+10
401 9.79738e+09
402 1.01888e+10
403 1.01934e+10
404 1.02158e+10
405 9.67193e+09
406 9.48306e+09
407 9.81161e+09
408 9.6046e+09
409 9.70751e+09
410 9.66895e+09
411 9.71079e+09
412 9.66064e+09
413 9.40336e+09
414 9.31309e+09
415 9.41929e+09
416 9.25776e+09
417 8.67516e+09
418 9.30667e+09
419 9.0633e+09
420 8.80463e+09
421 8.66359e+09
422 9.19052e+09
423 8.54227e+09
424 8.71604e+09
425 9.34355e+09
426 9.0346e+09
427 8.31992e+09
428 9.00028e+09
429 8.86528e+09
430 8.25851e+09
431 8.58767e+09
432 8.56502e+09
433 8.89177e+09
434 8.85381e+09
435 8.57001e+09
436 8.4439e+09
437 8.23606e+09
438 8.22931e+09
439 8.03796e+09
440 8.15622e+09
441 7.49454e+09
442 8.29306e+09
443 8.00731e+09
444 7.90128e+09
445 7.73568e+09
446 7.67337e+09
447 7.61932e+09
448 8.00858e+09
449 7.702e+09
450 7.91405e+09
451 7.91655e+09
452 7.6393e+09
453 7.62107e+09
454 7.40445e+09
455 7.14837e+09
456 7.31499e+09
457 7.90019e+09
458 7.1856e+09
459 7.60899e+09
460 7.75586e+09
461 7.11119e+09
462 7.53689e+09
463 7.53978e+09
464 7.12235e+09
465 7.03815e+09
466 7.02581e+09
467 7.22022e+09
468 6.87077e+09
469 7.09142e+09
470 6.74626e+09
471 7.08993e+09
472 6.98838e+09
473 6.97223e+09
474 6.87396e+09
475 6.31209e+09
476 6.81514e+09
477 6.78239e+09
478 6.85108e+09
479 6.63732e+09
480 6.54812e+09
481 6.91109e+09
482 6.30948e+09
483 6.43146e+09
484 6.35778e+09
485 6.26774e+09
486 6.36265e+09
487 6.41903e+09
488 6.41765e+09
489 6.32149e+09
490 6.07422e+09
491 6.19354e+09
492 6.32156e+09
493 6.18077e+09
494 6.1009e+09
495 6.32206e+09
496 5.9531e+09
497 6.12731e+09
498 5.78461e+09
499 6.20263e+09
500 5.98978e+09
501 5.95455e+09
502 5.91236e+09
503 5.76729e+09
504 5.80868e+09
505 5.81586e+09
506 5.75839e+09
507 5.53217e+09
508 5.63111e+09
509 5.56349e+09
510 5.83688e+09
511 5.67729e+09
512 5.55716e+09
513 5.52712e+09
514 5.54821e+09
515 5.5882e+09
516 5.37173e+09
517 5.42941e+09
518 5.43665e+09
519 5.30885e+09
520 5.34451e+09
521 5.39368e+09
522 5.19122e+09
523 5.27049e+09
524 5.25979e+09
525 5.03489e+09
526 5.1455e+09
527 5.23554e+09
528 5.25365e+09
529 4.96507e+09
530 4.86222e+09
531 5.08079e+09
532 5.07811e+09
533 4.9182e+09
534 5.01603e+09
535 4.93483e+09
536 4.86593e+09
537 5.10535e+09
538 4.92508e+09
539 4.82012e+09
540 5.04174e+09
541 4.80257e+09
542 4.65058e+09
543 4.70015e+09
544 4.55427e+09
545 4.63094e+09
546 4.69227e+09
547 4.7146e+09
548 4.5224e+09
549 4.50076e+09
550 4.55149e+09
551 4.56647e+09
552 4.58521e+09
553 4.58238e+09
554 4.62472e+09
555 4.2943e+09
556 4.42182e+09
557 4.47463e+09
558 4.26759e+09
559 4.26857e+09
560 4.2833e+09
561 4.3525e+09
562 4.24179e+09
563 4.28466e+09
564 4.27651e+09
565 4.14451e+09
566 4.29229e+09
567 4.05406e+09
568 4.09923e+09
569 4.10822e+09
570 4.038e+09
571 4.03327e+09
572 4.18672e+09
573 3.95907e+09
574 3.93425e+09
575 3.8593e+09
576 3.9589e+09
577 3.88984e+09
578 3.85571e+09
579 4.1053e+09
580 3.85969e+09
581 3.77434e+09
582 3.88043e+09
583 3.72047e+09
584 3.75765e+09
585 3.73849e+09
586 3.85173e+09
587 3.83778e+09
588 3.451e+09
589 3.64108e+09
590 3.697e+09
591 3.78825e+09
592 3.54535e+09
593 3.64436e+09
594 3.63449e+09
595 3.66702e+09
596 3.57088e+09
597 3.57286e+09
598 3.66209e+09
599 3.5425e+09
600 3.57294e+09
601 3.53098e+09
602 3.3254e+09
603 3.45999e+09
604 3.49956e+09
605 3.55784e+09
606 3.51565e+09
607 3.32621e+09
608 3.40302e+09
609 3.2835e+09
610 3.28466e+09
611 3.40316e+09
612 3.44953e+09
613 3.28944e+09
614 3.45198e+09
615 3.10781e+09
616 3.31087e+09
617 3.31942e+09
618 3.12851e+09
619 3.33231e+09
620 3.01386e+09
621 3.1779e+09
622 3.16692e+09
623 3.11881e+09
624 3.06927e+09
625 3.14436e+09
626 3.02168e+09
627 3.10165e+09
628 3.02179e+09
629 2.96361e+09
630 2.93879e+09
631 3.04878e+09
632 2.95676e+09
633 2.85946e+09
634 3.00114e+09
635 2.92402e+09
636 2.80175e+09
637 3.08627e+09
638 2.94423e+09
639 2.75657e+09
640 2.90489e+09
641 2.77939e+09
642 2.87034e+09
643 2.88846e+09
644 2.80097e+09
645 2.68582e+09
646 2.77018e+09
647 2.6701e+09
648 2.80902e+09
649 2.73314e+09
650 2.75805e+09
651 2.7821e+09
652 2.72412e+09
653 2.68984e+09
654 2.64725e+09
655 2.66856e+09
656 2.64369e+09
657 2.66312e+09
658 2.62324e+09
659 2.61649e+09
660 2.66265e+09
661 2.64001e+09
662 2.64745e+09
663 2.61981e+09
664 2.56502e+09
665 2.56464e+09
666 2.59858e+09
667 2.52823e+09
668 2.50816e+09
669 2.42953e+09
670 2.46917e+09
671 2.47889e+09
672 2.54673e+09
673 2.44752e+09
674 2.42898e+09
675 2.42267e+09
676 2.4523e+09
677 2.49752e+09
678 2.4042e+09
679 2.45669e+09
680 2.35325e+09
681 2.29603e+09
682 2.3206e+09
683 2.32325e+09
684 2.30973e+09
685 2.19316e+09
686 2.30638e+09
687 2.20195e+09
688 2.22455e+09
689 2.25225e+09
690 2.32583e+09
691 2.26565e+09
692 2.25384e+09
693 2.27694e+09
694 2.28187e+09
695 2.21504e+09
696 2.26141e+09
697 2.22501e+09
698 2.1739e+09
699 2.1737e+09
700 2.15032e+09
701 2.13061e+09
702 2.0917e+09
703 2.08055e+09
704 2.16707e+09
705 2.06883e+09
706 2.08308e+09
707 2.04107e+09
708 2.0536e+09
709 2.05772e+09
710 1.98636e+09
711 2.04053e+09
712 2.07324e+09
713 2.03072e+09
714 2.06941e+09
715 2.03285e+09
716 1.96803e+09
717 1.98838e+09
718 1.97862e+09
719 1.96394e+09
720 1.96249e+09
721 1.94974e+09
722 1.98462e+09
723 1.9132e+09
724 1.92923e+09
725 1.89929e+09
726 1.90104e+09
727 1.85527e+09
728 1.89423e+09
729 1.92899e+09
730 1.88042e+09
731 1.85375e+09
732 1.86681e+09
733 1.80667e+09
734 1.84773e+09
735 1.81592e+09
736 1.85345e+09
737 1.78124e+09
738 1.75221e+09
739 1.79742e+09
740 1.77045e+09
741 1.82069e+09
742 1.74441e+09
743 1.7467e+09
744 1.80473e+09
745 1.79119e+09
746 1.78269e+09
747 1.67746e+09
748 1.7483e+09
749 1.78068e+09
750 1.69767e+09
751 1.67578e+09
752 1.70108e+09
753 1.71291e+09
754 1.66324e+09
755 1.62483e+09
756 1.6525e+09
757 1.69978e+09
758 1.58436e+09
759 1.67135e+09
760 1.61555e+09
761 1.60744e+09
762 1.56646e+09
763 1.58264e+09
764 1.62928e+09
765 1.63492e+09
766 1.56738e+09
767 1.55363e+09
768 1.5598e+09
769 1.54503e+09
770 1.57515e+09
771 1.54854e+09
772 1.55859e+09
773 1.57176e+09
774 1.59129e+09
775 1.5395e+09
776 1.5193e+09
777 1.47786e+09
778 1.52295e+09
779 1.47899e+09
780 1.50026e+09
781 1.48344e+09
782 1.42469e+09
783 1.47724e+09
784 1.43679e+09
785 1.42185e+09
786 1.47111e+09
787 1.43193e+09
788 1.46096e+09
789 1.39659e+09
790 1.40422e+09
791 1.46039e+09
792 1.39102e+09
793 1.37668e+09
794 1.43592e+09
795 1.40003e+09
796 1.40856e+09
797 1.37307e+09
798 1.37741e+09
799 1.42661e+09
800 1.38134e+09
801 1.40295e+09
802 1.35523e+09
803 1.38704e+09
804 1.38156e+09
805 1.36414e+09
806 1.34975e+09
807 1.40341e+09
808 1.34542e+09
809 1.29212e+09
810 1.33056e+09
811 1.34547e+09
812 1.25364e+09
813 1.29096e+09
814 1.29853e+09
815 1.3125e+09
816 1.32978e+09
817 1.2752e+09
818 1.25779e+09
819 1.29543e+09
820 1.32182e+09
821 1.2322e+09
822 1.23087e+09
823 1.22565e+09
824 1.26478e+09
825 1.24113e+09
826 1.28628e+09
827 1.25153e+09
828 1.2563e+09
829 1.26633e+09
830 1.25663e+09
831 1.20471e+09
832 1.24044e+09
833 1.19472e+09
834 1.21626e+09
835 1.18131e+09
836 1.24764e+09
837 1.18085e+09
838 1.22247e+09
839 1.19053e+09
840 1.21065e+09
841 1.14388e+09
842 1.14517e+09
843 1.19193e+09
844 1.16375e+09
845 1.18369e+09
846 1.12496e+09
847 1.15913e+09
848 1.1325e+09
849 1.16598e+09
850 1.15816e+09
851 1.12069e+09
852 1.15174e+09
853 1.13205e+09
854 1.07688e+09
855 1.13786e+09
856 1.13343e+09
857 1.1321e+09
858 1.10987e+09
859 1.11288e+09
860 1.10869e+09
861 1.1126e+09
862 1.12324e+09
863 1.11094e+09
864 1.09934e+09
865 1.06569e+09
866 1.14551e+09
867 1.05641e+09
868 1.06431e+09
869 1.07885e+09
870 1.06631e+09
871 1.03504e+09
872 1.07902e+09
873 1.06936e+09
874 1.07067e+09
875 1.0489e+09
876 1.06779e+09
877 1.06058e+09
878 1.0465e+09
879 1.0433e+09
880 1.00941e+09
881 1.04074e+09
882 1.02021e+09
883 9.93944e+08
884 1.01762e+09
885 1.00524e+09
886 1.03619e+09
887 1.03068e+09
888 9.80481e+08
889 9.96478e+08
890 9.93152e+08
891 1.01702e+09
892 1.00328e+09
893 9.70137e+08
894 9.80325e+08
895 9.7385e+08
896 9.92248e+08
897 9.88454e+08
898 9.46803e+08
899 9.57037e+08
900 9.8284e+08
901 9.70421e+08
902 9.93629e+08
903 9.80095e+08
904 9.77352e+08
905 9.73287e+08
906 9.78845e+08
907 9.42806e+08
908 9.43935e+08
909 9.23621e+08
910 9.40903e+08
911 9.55358e+08
912 9.50552e+08
913 9.48884e+08
914 9.56232e+08
915 9.49805e+08
916 9.1558e+08
917 9.3294e+08
918 9.32155e+08
919 9.2346e+08
920 8.90025e+08
921 9.22285e+08
922 9.10833e+08
923 9.06925e+08
924 8.94419e+08
925 8.79876e+08
926 8.97781e+08
927 9.12099e+08
928 9.07016e+08
929 8.80696e+08
930 9.20131e+08
931 9.23268e+08
932 9.21434e+08
933 8.65035e+08
934 8.83262e+08
935 8.93323e+08
936 9.00465e+08
937 9.00509e+08
938 8.97494e+08
939 8.64507e+08
940 8.91029e+08
941 8.46624e+08
942 8.69233e+08
943 8.49325e+08
944 8.64858e+08
945 8.39903e+08
946 8.94561e+08
947 8.54173e+08
948 8.31895e+08
949 8.71649e+08
950 8.3046e+08
951 8.63009e+08
952 8.37162e+08
953 8.69043e+08
954 8.55823e+08
955 8.45133e+08
956 8.28089e+08
957 8.60989e+08
958 8.597e+08
959 8.51714e+08
960 8.38984e+08
961 8.26554e+08
962 8.3106e+08
963 8.46719e+08
964 8.41401e+08
965 8.03309e+08
966 8.34935e+08
967 8.13842e+08
968 8.24842e+08
969 8.12277e+08
970 8.23106e+08
971 8.23287e+08
972 8.07339e+08
973 8.22769e+08
974 8.16338e+08
975 8.01678e+08
976 7.78723e+08
977 8.23192e+08
978 7.99948e+08
979 8.25077e+08
980 8.00981e+08
981 8.10432e+08
982 8.02325e+08
983 7.97572e+08
984 7.91423e+08
985 8.09998e+08
986 7.86453e+08
987 8.11448e+08
988 8.22308e+08
989 7.77469e+08
990 7.99547e+08
991 7.81446e+08
992 7.68585e+08
993 7.91968e+08
994 7.67604e+08
995 8.07156e+08
996 7.66338e+08
997 7.66899e+08
998 7.88016e+08
999 7.80458e+08
1000 7.78191e+08
1001 7.94491e+08
1002 7.45456e+08
1003 7.99948e+08
1004 7.73798e+08
1005 7.71043e+08
1006 7.71987e+08
1007 7.66829e+08
1008 7.75281e+08
1009 7.55661e+08
1010 7.48542e+08
1011 7.69022e+08
1012 7.71829e+08
1013 7.85191e+08
1014 7.69991e+08
1015 7.87823e+08
1016 7.53421e+08
1017 7.42583e+08
1018 7.54252e+08
1019 7.40726e+08
1020 7.564e+08
1021 7.52443e+08
1022 7.50807e+08
1023 7.33913e+08
1024 7.30251e+08
