# input_file=p1_2_3.tif
# Nx=2048
# Ny=2048
0 2.8564e+17
1 1.65027e+13
2 1.44225e+13
3 1.1824e+13
4 6.72044e+12
5 6.51036e+12
6 4.69939e+12
7 4.54826e+12
8 4.25132e+12
9 3.81079e+12
10 3.85054e+12
11 3.23896e+12
12 2.18312e+12
13 2.28807e+12
14 1.27561e+12
15 1.63292e+12
16 1.3275e+12
17 1.16024e+12
18 1.11261e+12
19 1.17323e+12
20 7.59934e+11
21 9.79536e+11
22 9.94115e+11
23 6.71609e+11
24 6.17488e+11
25 6.22773e+11
26 6.83567e+11
27 5.53449e+11
28 5.95382e+11
29 5.76956e+11
30 4.41239e+11
31 4.66641e+11
32 4.19208e+11
33 4.0816e+11
34 4.72906e+11
35 3.84517e+11
36 3.83605e+11
37 3.47745e+11
38 3.90484e+11
39 3.70149e+11
40 3.70352e+11
41 3.76239e+11
42 2.80639e+11
43 3.08472e+11
44 2.9732e+11
45 2.8916e+11
46 3.07171e+11
47 2.79807e+11
48 2.38576e+11
49 3.06419e+11
50 2.53081e+11
51 2.5262e+11
52 2.71703e+11
53 2.08999e+11
54 2.26428e+11
55 2.25621e+11
56 1.96935e+11
57 1.95449e+11
58 2.14973e+11
59 2.15148e+11
60 1.914e+11
61 1.92016e+11
62 1.80717e+11
63 1.8535e+11
64 1.79481e+11
65 1.82037e+11
66 2.16492e+11
67 1.63392e+11
68 1.63271e+11
69 1.58497e+11
70 1.83238e+11
71 1.44573e+11
72 1.48457e+11
73 1.53487e+11
74 1.55229e+11
75 1.53411e+11
76 1.48159e+11
77 1.35649e+11
78 1.37646e+11
79 1.31388e+11
80 1.41466e+11
81 1.24262e+11
82 1.32323e+11
83 1.21648e+11
84 1.29328e+11
85 1.21447e+11
86 1.2133e+11
87 1.10714e+11
88 1.19871e+11
89 1.08322e+11
90 1.07344e+11
91 1.0988e+11
92 1.1493e+11
93 1.12654e+11
94 9.55203e+10
95 1.05506e+11
96 1.03956e+11
97 9.65683e+10
98 1.0868e+11
99 1.05964e+11
100 8.95236e+10
101 9.27588e+10
102 8.98985e+10
103 9.93829e+10
104 7.97308e+10
105 1.01609e+11
106 8.6907e+10
107 8.74929e+10
108 8.60539e+10
109 8.78822e+10
110 8.21956e+10
111 7.79366e+10
112 8.57616e+10
113 8.60643e+10
114 7.48029e+10
115 7.99254e+10
116 7.42585e+10
117 7.31707e+10
118 7.17499e+10
119 7.68334e+10
120 8.26235e+10
121 7.55037e+10
122 7.01095e+10
123 7.14977e+10
124 6.81223e+10
125 6.70884e+10
126 6.86051e+10
127 6.39525e+10
128 6.4893e+10
129 7.23216e+10
130 6.01018e+10
131 6.53257e+10
132 6.36572e+10
133 5.86876e+10
134 6.08783e+10
135 5.92986e+10
136 5.61118e+10
137 5.23017e+10
138 5.81073e+10
139 5.58973e+10
140 5.88762e+10
141 5.8228e+10
142 5.00817e+10
143 5.22344e+10
144 5.06583e+10
145 5.71862e+10
146 5.31745e+10
147 5.12314e+10
148 5.121e+10
149 4.82779e+10
150 4.78419e+10
151 4.7173e+10
152 5.2049e+10
153 4.90799e+10
154 4.86778e+10
155 4.70575e+10
156 4.64677e+10
157 4.55633e+10
158 4.969e+10
159 4.48725e+10
160 4.48539e+10
161 4.52364e+10
162 4.13461e+10
163 4.15097e+10
164 4.75184e+10
165 4.23266e+10
166 3.9957e+10
167 3.95698e+10
168 4.29158e+10
169 4.01046e+10
170 4.05372e+10
171 4.02864e+10
172 4.242e+10
173 3.60777e+10
174 4.01999e+10
175 3.76425e+10
176 3.74618e+10
177 3.62625e+10
178 3.79279e+10
179 4.06885e+10
180 3.70854e+10
181 3.65753e+10
182 3.79751e+10
183 3.77101e+10
184 3.70162e+10
185 3.39065e+10
186 3.66804e+10
187 3.50428e+10
188 3.38303e+10
189 3.38137e+10
190 3.4777e+10
191 3.40986e+10
192 3.56729e+10
193 3.16921e+10
194 3.30988e+10
195 3.34172e+10
196 3.46493e+10
197 3.39028e+10
198 3.1623e+10
199 3.42698e+10
200 3.11887e+10
201 3.182e+10
202 3.22545e+10
203 3.20653e+10
204 2.98935e+10
205 3.08621e+10
206 3.13816e+10
207 3.15939e+10
208 2.98554e+10
209 3.05289e+10
210 3.01214e+10
211 2.84641e+10
212 2.94005e+10
213 3.13237e+10
214 2.82356e+10
215 2.92363e+10
216 2.94828e+10
217 2.83176e+10
218 2.67899e+10
219 2.92231e+10
220 2.63007e+10
221 2.84194e+10
222 2.70863e+10
223 2.75576e+10
224 2.77024e+10
225 2.73489e+10
226 2.75061e+10
227 2.65349e+10
228 2.49514e+10
229 2.39464e+10
230 2.46585e+10
231 2.67023e+10
232 2.60156e+10
233 2.39561e+10
234 2.39495e+10
235 2.65192e+10
236 2.56571e+10
237 2.58107e+10
238 2.41392e+10
239 2.48124e+10
240 2.40617e+10
241 2.52805e+10
242 2.44248e+10
243 2.48609e+10
244 2.47556e+10
245 2.38548e+10
246 2.30897e+10
247 2.43802e+10
248 2.37574e+10
249 2.2864e+10
250 2.23175e+10
251 2.39596e+10
252 2.28537e+10
253 2.13402e+10
254 2.11733e+10
255 2.24303e+10
256 2.21227e+10
257 2.11383e+10
258 2.19416e+10
259 2.05698e+10
260 2.20682e+10
261 2.17401e+10
262 2.03932e+10
263 1.99072e+10
264 2.04052e+10
265 2.22734e+10
266 2.12198e+10
267 2.09555e+10
268 1.96421e+10
269 2.05349e+10
270 2.04927e+10
271 1.98498e+10
272 1.97298e+10
273 1.96508e+10
274 1.95425e+10
275 1.99937e+10
276 1.91685e+10
277 1.87911e+10
278 2.00593e+10
279 1.97545e+10
280 1.92508e+10
281 1.91614e+10
282 1.85373e+10
283 1.88432e+10
284 1.91629e+10
285 1.99711e+10
286 1.70817e+10
287 1.84809e+10
288 1.94245e+10
289 1.87286e+10
290 1.91998e+10
291 1.76425e+10
292 1.80051e+10
293 1.69679e+10
294 1.83526e+10
295 1.65656e+10
296 1.7137e+10
297 1.71149e+10
298 1.76479e+10
299 1.70481e+10
300 1.68435e+10
301 1.63233e+10
302 1.74578e+10
303 1.77511e+10
304 1.69217e+10
305 1.7003e+10
306 1.65238e+10
307 1.67918e+10
308 1.72164e+10
309 1.58062e+10
310 1.61061e+10
311 1.57199e+10
312 1.55867e+10
313 1.56874e+10
314 1.5779e+10
315 1.59177e+10
316 1.53515e+10
317 1.5854e+10
318 1.54753e+10
319 1.65519e+10
320 1.49069e+10
321 1.57996e+10
322 1.48593e+10
323 1.47507e+10
324 1.54268e+10
325 1.50191e+10
326 1.51247e+10
327 1.38939e+10
328 1.5363e+10
329 1.53176e+10
330 1.47811e+10
331 1.49646e+10
332 1.35033e+10
333 1.4485e+10
334 1.50844e+10
335 1.42271e+10
336 1.4302e+10
337 1.35221e+10
338 1.37818e+10
339 1.47459e+10
340 1.29925e+10
341 1.38156e+10
342 1.30945e+10
343 1.32632e+10
344 1.3366e+10
345 1.29684e+10
346 1.25957e+10
347 1.27209e+10
348 1.41484e+10
349 1.32582e+10
350 1.28198e+10
351 1.34653e+10
352 1.32591e+10
353 1.2561e+10
354 1.34039e+10
355 1.29129e+10
356 1.26448e+10
357 1.30486e+10
358 1.19554e+10
359 1.27435e+10
360 1.2296e+10
361 1.27322e+10
362 1.2517e+10
363 1.21609e+10
364 1.23893e+10
365 1.19779e+10
366 1.17672e+10
367 1.21418e+10
368 1.19252e+10
369 1.13037e+10
370 1.18547e+10
371 1.1893e+10
372 1.16805e+10
373 1.10091e+10
374 1.18986e+10
375 1.21632e+10
376 1.16411e+10
377 1.13633e+10
378 1.14952e+10
379 1.0907e+10
380 1.12545e+10
381 1.16084e+10
382 1.03617e+10
383 1.09543e+10
384 1.11765e+10
385 1.06117e+10
386 1.06166e+10
387 1.1173e+10
388 1.06485e+10
389 1.0499e+10
390 1.05731e+10
391 1.02881e+10
392 1.04443e+10
393 1.04116e+10
394 1.04216e+10
395 9.9776e+09
396 1.00759e+10
397 1.0382e+10
398 1.01026e+10
399 1.01297e+10
400 1.04897e+10
401 9.96414e+09
402 9.50514e+09
403 9.79404e+09
404 9.83548e+09
405 9.86175e+09
406 1.00474e+10
407 9.86668e+09
408 9.13664e+09
409 9.72719e+09
410 9.40511e+09
411 9.48318e+09
412 9.45203e+09
413 9.20682e+09
414 9.52831e+09
415 9.40003e+09
416 8.82008e+09
417 9.08996e+09
418 9.36061e+09
419 9.16168e+09
420 8.88105e+09
421 8.9187e+09
422 8.46463e+09
423 8.92136e+09
424 8.92773e+09
425 8.82357e+09
426 8.08512e+09
427 8.62681e+09
428 8.85956e+09
429 8.56742e+09
430 8.46705e+09
431 8.53328e+09
432 8.7798e+09
433 8.42255e+09
434 8.41595e+09
435 8.56175e+09
436 8.3711e+09
437 8.53555e+09
438 8.38327e+09
439 8.68662e+09
440 8.19705e+09
441 7.96112e+09
442 8.35778e+09
443 8.26241e+09
444 8.0121e+09
445 8.00649e+09
446 7.94051e+09
447 7.69132e+09
448 7.92653e+09
449 7.76817e+09
450 7.68607e+09
451 7.67491e+09
452 7.84426e+09
453 7.57469e+09
454 7.53564e+09
455 7.54508e+09
456 7.49347e+09
457 7.37427e+09
458 7.3099e+09
459 7.34616e+09
460 6.84901e+09
461 6.84106e+09
462 7.33631e+09
463 7.12417e+09
464 7.36374e+09
465 7.09547e+09
466 7.19178e+09
467 6.9133e+09
468 6.90807e+09
469 7.07017e+09
470 6.98085e+09
471 7.16133e+09
472 6.71288e+09
473 6.808e+09
474 6.8825e+09
475 6.57813e+09
476 6.35646e+09
477 6.67655e+09
478 6.86097e+09
479 6.86286e+09
480 6.46231e+09
481 6.52813e+09
482 6.37856e+09
483 6.51921e+09
484 6.55417e+09
485 6.52458e+09
486 5.93701e+09
487 6.51674e+09
488 6.03306e+09
489 6.31629e+09
490 5.95691e+09
491 6.25526e+09
492 6.1364e+09
493 6.63306e+09
494 6.14042e+09
495 6.22464e+09
496 6.11403e+09
497 6.15188e+09
498 6.09065e+09
499 6.18982e+09
500 6.15548e+09
501 5.97697e+09
502 5.86221e+09
503 5.7823e+09
504 5.62419e+09
505 5.93711e+09
506 5.43322e+09
507 5.93005e+09
508 5.48378e+09
509 5.59174e+09
510 5.60612e+09
511 5.54708e+09
512 5.45862e+09
513 5.53091e+09
514 5.67744e+09
515 5.42e+09
516 5.48999e+09
517 5.57181e+09
518 5.30829e+09
519 5.45191e+09
520 5.56845e+09
521 5.23469e+09
522 5.15978e+09
523 5.1454e+09
524 5.59144e+09
525 5.19947e+09
526 5.18643e+09
527 5.11374e+09
528 5.23725e+09
529 5.24729e+09
530 5.08206e+09
531 5.14698e+09
532 5.05681e+09
533 5.04275e+09
534 5.04051e+09
535 5.09002e+09
536 4.70681e+09
537 4.98823e+09
538 5.19575e+09
539 4.81914e+09
540 4.79541e+09
541 5.12161e+09
542 4.8445e+09
543 4.84706e+09
544 4.90056e+09
545 4.73916e+09
546 4.63805e+09
547 4.89838e+09
548 4.69271e+09
549 4.58462e+09
550 4.58815e+09
551 4.65485e+09
552 4.54552e+09
553 4.54073e+09
554 4.53025e+09
555 4.50794e+09
556 4.46159e+09
557 4.37823e+09
558 4.51294e+09
559 4.41918e+09
560 4.26918e+09
561 4.55432e+09
562 4.21947e+09
563 4.33218e+09
564 4.33704e+09
565 4.14636e+09
566 4.38629e+09
567 4.21435e+09
568 4.23695e+09
569 4.09223e+09
570 4.08859e+09
571 4.12155e+09
572 3.97877e+09
573 4.0702e+09
574 4.02604e+09
575 4.02822e+09
576 3.99334e+09
577 3.90579e+09
578 4.0679e+09
579 4.02797e+09
580 3.99629e+09
581 3.97713e+09
582 3.93093e+09
583 3.73467e+09
584 3.93507e+09
585 3.8618e+09
586 3.93734e+09
587 3.83673e+09
588 4.02504e+09
589 3.73585e+09
590 3.73551e+09
591 3.6304e+09
592 3.68914e+09
593 3.55739e+09
594 3.62093e+09
595 3.67698e+09
596 3.72082e+09
597 3.70364e+09
598 3.502e+09
599 3.55751e+09
600 3.54187e+09
601 3.54193e+09
602 3.47979e+09
603 3.35609e+09
604 3.51265e+09
605 3.62315e+09
606 3.4459e+09
607 3.40026e+09
608 3.36997e+09
609 3.45817e+09
610 3.39286e+09
611 3.36312e+09
612 3.33442e+09
613 3.2963e+09
614 3.46582e+09
615 3.10068e+09
616 3.28421e+09
617 3.30693e+09
618 3.26299e+09
619 3.20094e+09
620 3.28641e+09
621 3.19962e+09
622 3.30241e+09
623 3.15817e+09
624 3.22364e+09
625 3.25016e+09
626 3.15626e+09
627 3.1492e+09
628 3.02838e+09
629 3.22474e+09
630 2.99712e+09
631 3.11732e+09
632 3.07994e+09
633 2.9143e+09
634 3.02811e+09
635 3.06256e+09
636 2.96404e+09
637 2.93143e+09
638 3.06168e+09
639 2.96299e+09
640 2.91295e+09
641 2.82504e+09
642 2.85087e+09
643 2.87426e+09
644 2.86636e+09
645 2.83896e+09
646 2.82635e+09
647 2.75385e+09
648 2.84272e+09
649 2.72232e+09
650 2.8339e+09
651 2.85739e+09
652 2.7505e+09
653 2.78404e+09
654 2.72182e+09
655 2.63334e+09
656 2.75055e+09
657 2.78762e+09
658 2.71889e+09
659 2.79751e+09
660 2.58307e+09
661 2.6751e+09
662 2.53955e+09
663 2.61216e+09
664 2.62301e+09
665 2.53944e+09
666 2.63771e+09
667 2.55258e+09
668 2.59883e+09
669 2.42317e+09
670 2.56417e+09
671 2.50552e+09
672 2.6483e+09
673 2.49397e+09
674 2.39162e+09
675 2.4996e+09
676 2.54417e+09
677 2.44956e+09
678 2.51919e+09
679 2.44229e+09
680 2.44736e+09
681 2.39604e+09
682 2.50638e+09
683 2.42528e+09
684 2.29666e+09
685 2.34254e+09
686 2.34104e+09
687 2.35102e+09
688 2.31558e+09
689 2.40266e+09
690 2.31195e+09
691 2.40544e+09
692 2.33397e+09
693 2.35158e+09
694 2.3682e+09
695 2.26586e+09
696 2.35524e+09
697 2.26565e+09
698 2.18179e+09
699 2.23866e+09
700 2.18208e+09
701 2.20368e+09
702 2.22836e+09
703 2.1626e+09
704 2.19504e+09
705 2.12666e+09
706 2.19844e+09
707 2.17815e+09
708 2.08704e+09
709 2.10287e+09
710 2.15687e+09
711 2.04623e+09
712 2.10602e+09
713 2.11254e+09
714 2.10339e+09
715 2.04708e+09
716 2.0265e+09
717 2.05784e+09
718 2.02348e+09
719 2.01153e+09
720 1.97806e+09
721 2.01219e+09
722 1.93334e+09
723 1.99739e+09
724 1.98462e+09
725 1.94779e+09
726 1.92356e+09
727 1.94689e+09
728 1.98028e+09
729 1.95211e+09
730 1.94163e+09
731 1.90646e+09
732 1.92026e+09
733 1.89564e+09
734 1.89568e+09
735 1.84102e+09
736 1.93211e+09
737 1.85196e+09
738 1.79378e+09
739 1.89973e+09
740 1.8518e+09
741 1.80614e+09
742 1.80447e+09
743 1.96811e+09
744 1.75548e+09
745 1.84498e+09
746 1.79453e+09
747 1.80404e+09
748 1.81352e+09
749 1.74345e+09
750 1.7762e+09
751 1.7058e+09
752 1.71942e+09
753 1.75017e+09
754 1.7511e+09
755 1.8203e+09
756 1.6278e+09
757 1.7473e+09
758 1.75509e+09
759 1.65498e+09
760 1.67355e+09
761 1.6932e+09
762 1.65605e+09
763 1.68501e+09
764 1.65466e+09
765 1.69279e+09
766 1.63822e+09
767 1.65586e+09
768 1.60125e+09
769 1.61312e+09
770 1.57128e+09
771 1.63173e+09
772 1.61323e+09
773 1.6315e+09
774 1.53446e+09
775 1.59052e+09
776 1.55865e+09
777 1.60164e+09
778 1.56296e+09
779 1.5342e+09
780 1.51186e+09
781 1.51439e+09
782 1.55762e+09
783 1.49905e+09
784 1.55275e+09
785 1.53723e+09
786 1.56909e+09
787 1.48611e+09
788 1.48934e+09
789 1.49194e+09
790 1.49869e+09
791 1.43988e+09
792 1.4649e+09
793 1.47869e+09
794 1.42612e+09
795 1.43575e+09
796 1.4269e+09
797 1.45917e+09
798 1.45451e+09
799 1.41819e+09
800 1.43512e+09
801 1.4315e+09
802 1.42677e+09
803 1.36097e+09
804 1.42267e+09
805 1.40265e+09
806 1.34361e+09
807 1.39592e+09
808 1.40754e+09
809 1.3704e+09
810 1.36689e+09
811 1.36233e+09
812 1.34627e+09
813 1.38633e+09
814 1.3713e+09
815 1.36684e+09
816 1.33812e+09
817 1.38359e+09
818 1.32762e+09
819 1.29361e+09
820 1.29908e+09
821 1.33922e+09
822 1.28948e+09
823 1.29707e+09
824 1.32416e+09
825 1.2941e+09
826 1.30053e+09
827 1.29012e+09
828 1.27205e+09
829 1.3135e+09
830 1.22679e+09
831 1.24459e+09
832 1.24462e+09
833 1.23767e+09
834 1.26092e+09
835 1.26729e+09
836 1.289e+09
837 1.22949e+09
838 1.23406e+09
839 1.23524e+09
840 1.24979e+09
841 1.19384e+09
842 1.21139e+09
843 1.19811e+09
844 1.23425e+09
845 1.1922e+09
846 1.19556e+09
847 1.18604e+09
848 1.17142e+09
849 1.1441e+09
850 1.17223e+09
851 1.17381e+09
852 1.15488e+09
853 1.17632e+09
854 1.17824e+09
855 1.1749e+09
856 1.18821e+09
857 1.18913e+09
858 1.16337e+09
859 1.1751e+09
860 1.12517e+09
861 1.11818e+09
862 1.15619e+09
863 1.16187e+09
864 1.13422e+09
865 1.0724e+09
866 1.13664e+09
867 1.0854e+09
868 1.11849e+09
869 1.12974e+09
870 1.13924e+09
871 1.10306e+09
872 1.08766e+09
873 1.11013e+09
874 1.06313e+09
875 1.06068e+09
876 1.08852e+09
877 1.11345e+09
878 1.02738e+09
879 1.09266e+09
880 1.06667e+09
881 1.0254e+09
882 1.0565e+09
883 1.08477e+09
884 1.04936e+09
885 1.06319e+09
886 1.05218e+09
887 1.04164e+09
888 1.03922e+09
889 1.04768e+09
890 1.02295e+09
891 1.04609e+09
892 1.0534e+09
893 1.02381e+09
894 9.7751e+08
895 1.04011e+09
896 1.03445e+09
897 9.98325e+08
898 9.74541e+08
899 1.01695e+09
900 1.01737e+09
901 9.65795e+08
902 9.9763e+08
903 9.96839e+08
904 9.87348e+08
905 1.02971e+09
906 9.84406e+08
907 1.01912e+09
908 1.00116e+09
909 9.86803e+08
910 1.00831e+09
911 9.72966e+08
912 9.6712e+08
913 9.53818e+08
914 9.32239e+08
915 9.55357e+08
916 9.89038e+08
917 9.65537e+08
918 9.7989e+08
919 9.41817e+08
920 9.25721e+08
921 9.27904e+08
922 9.43235e+08
923 9.67811e+08
924 9.7471e+08
925 9.40702e+08
926 9.46199e+08
927 9.40918e+08
928 9.45275e+08
929 9.15104e+08
930 9.12472e+08
931 9.54455e+08
932 9.22138e+08
933 9.34773e+08
934 9.22701e+08
935 9.1432e+08
936 9.13e+08
937 9.01083e+08
938 9.02524e+08
939 9.17842e+08
940 8.57631e+08
941 8.91866e+08
942 8.98419e+08
943 8.85691e+08
944 8.94291e+08
945 8.83646e+08
946 9.06681e+08
947 8.63194e+08
948 8.85057e+08
949 8.77629e+08
950 8.98037e+08
951 8.64694e+08
952 8.59767e+08
953 8.90186e+08
954 8.71882e+08
955 8.85543e+08
956 8.80024e+08
957 8.77216e+08
958 8.85874e+08
959 8.69693e+08
960 8.54207e+08
961 8.37058e+08
962 8.83072e+08
963 8.5453e+08
964 8.51983e+08
965 8.45428e+08
966 8.14442e+08
967 8.44752e+08
968 8.2125e+08
969 8.52171e+08
970 8.23349e+08
971 8.53284e+08
972 8.37018e+08
973 8.4496e+08
974 8.639e+08
975 8.64075e+08
976 8.20155e+08
977 8.16091e+08
978 8.46076e+08
979 8.30658e+08
980 8.35044e+08
981 8.48988e+08
982 8.0483e+08
983 7.90598e+08
984 7.96488e+08
985 8.17823e+08
986 7.87802e+08
987 8.09906e+08
988 7.96127e+08
989 8.06882e+08
990 8.38198e+08
991 8.11733e+08
992 7.93452e+08
993 8.08317e+08
994 8.24847e+08
995 8.07321e+08
996 7.98492e+08
997 8.09074e+08
998 8.05238e+08
999 7.90582e+08
1000 7.86573e+08
1001 7.89544e+08
1002 8.02446e+08
1003 7.88462e+08
1004 7.85059e+08
1005 7.99802e+08
1006 7.93439e+08
1007 7.74836e+08
1008 7.73131e+08
1009 7.8613e+08
1010 7.75713e+08
1011 8.07153e+08
1012 7.97932e+08
1013 7.8025e+08
1014 8.08584e+08
1015 7.70033e+08
1016 7.65927e+08
1017 7.79594e+08
1018 7.57666e+08
1019 7.68614e+08
1020 7.65484e+08
1021 7.5357e+08
1022 7.59554e+08
1023 7.72301e+08
1024 7.59572e+08
