# input_file=p1_3_1.tif
# Nx=2048
# Ny=2048
0 2.86046e+17
1 2.50437e+13
2 5.55443e+12
3 7.87519e+12
4 1.17059e+13
5 8.49577e+12
6 4.72849e+12
7 4.67348e+12
8 3.58082e+12
9 3.79905e+12
10 2.1514e+12
11 2.06955e+12
12 2.35235e+12
13 1.95726e+12
14 1.21602e+12
15 1.73321e+12
16 1.55339e+12
17 1.19566e+12
18 1.2227e+12
19 1.36428e+12
20 7.85803e+11
21 7.68392e+11
22 8.39536e+11
23 7.4288e+11
24 6.50014e+11
25 7.15607e+11
26 6.85182e+11
27 5.69393e+11
28 5.526e+11
29 5.26393e+11
30 5.34074e+11
31 4.58291e+11
32 5.25041e+11
33 4.4507e+11
34 4.46241e+11
35 3.66066e+11
36 4.1222e+11
37 3.46463e+11
38 3.12904e+11
39 3.4484e+11
40 3.53548e+11
41 3.06508e+11
42 2.97043e+11
43 3.06356e+11
44 2.93083e+11
45 2.68041e+11
46 2.74786e+11
47 2.81908e+11
48 2.77361e+11
49 2.48581e+11
50 2.26195e+11
51 2.38496e+11
52 2.44268e+11
53 2.15069e+11
54 2.16025e+11
55 2.28109e+11
56 2.25681e+11
57 2.00028e+11
58 1.92099e+11
59 2.02089e+11
60 2.02467e+11
61 2.04479e+11
62 1.84204e+11
63 1.88632e+11
64 1.87649e+11
65 1.65307e+11
66 1.65584e+11
67 1.68034e+11
68 1.63674e+11
69 1.50434e+11
70 1.6822e+11
71 1.51935e+11
72 1.61045e+11
73 1.48917e+11
74 1.42953e+11
75 1.45004e+11
76 1.22443e+11
77 1.46562e+11
78 1.38964e+11
79 1.19926e+11
80 1.33515e+11
81 1.33745e+11
82 1.33409e+11
83 1.23402e+11
84 1.23247e+11
85 1.21564e+11
86 1.19826e+11
87 1.17607e+11
88 1.07257e+11
89 1.11867e+11
90 1.03948e+11
91 1.05807e+11
92 1.14354e+11
93 1.04999e+11
94 1.10118e+11
95 1.05863e+11
96 9.58609e+10
97 9.73676e+10
98 1.05645e+11
99 1.03591e+11
100 9.22615e+10
101 9.51855e+10
102 1.00599e+11
103 9.20224e+10
104 8.8488e+10
105 9.27492e+10
106 8.70496e+10
107 8.59347e+10
108 8.95056e+10
109 8.3961e+10
110 7.53278e+10
111 8.33749e+10
112 8.10199e+10
113 7.86583e+10
114 7.77802e+10
115 7.91393e+10
116 7.69515e+10
117 6.97456e+10
118 6.47856e+10
119 7.09017e+10
120 7.11479e+10
121 6.88579e+10
122 6.29042e+10
123 7.17993e+10
124 6.95911e+10
125 6.90966e+10
126 6.59159e+10
127 6.21496e+10
128 6.40053e+10
129 6.14821e+10
130 6.49373e+10
131 5.88622e+10
132 6.04119e+10
133 6.49832e+10
134 6.45233e+10
135 5.62653e+10
136 6.45233e+10
137 6.1113e+10
138 5.78138e+10
139 5.40545e+10
140 5.19249e+10
141 5.51773e+10
142 5.74701e+10
143 5.07359e+10
144 5.67651e+10
145 5.40516e+10
146 5.2942e+10
147 5.39336e+10
148 4.93031e+10
149 5.26378e+10
150 4.95775e+10
151 4.92343e+10
152 4.87938e+10
153 4.83544e+10
154 4.42188e+10
155 4.64975e+10
156 4.4933e+10
157 4.41293e+10
158 4.61293e+10
159 4.35008e+10
160 4.62087e+10
161 4.43246e+10
162 4.51412e+10
163 4.34774e+10
164 4.36212e+10
165 4.17188e+10
166 4.4022e+10
167 4.21797e+10
168 4.04977e+10
169 4.28065e+10
170 3.98935e+10
171 3.95447e+10
172 3.86811e+10
173 3.57373e+10
174 3.77411e+10
175 3.76089e+10
176 3.89501e+10
177 3.93062e+10
178 3.80258e+10
179 3.57903e+10
180 3.786e+10
181 3.57572e+10
182 3.89209e+10
183 3.52724e+10
184 3.31644e+10
185 3.46657e+10
186 3.62489e+10
187 3.72295e+10
188 3.52442e+10
189 3.33101e+10
190 3.16169e+10
191 3.31032e+10
192 3.42289e+10
193 3.42145e+10
194 3.14534e+10
195 3.29667e+10
196 3.1545e+10
197 3.20013e+10
198 3.1786e+10
199 3.30587e+10
200 3.18011e+10
201 3.22732e+10
202 3.35008e+10
203 3.26236e+10
204 3.14994e+10
205 3.08762e+10
206 3.07709e+10
207 2.87335e+10
208 2.82101e+10
209 3.01295e+10
210 2.96894e+10
211 3.00537e+10
212 2.87334e+10
213 3.09394e+10
214 2.75192e+10
215 2.88251e+10
216 2.81428e+10
217 2.77129e+10
218 2.84057e+10
219 2.71141e+10
220 2.89928e+10
221 2.51862e+10
222 2.70483e+10
223 2.80025e+10
224 2.57755e+10
225 2.67396e+10
226 2.61067e+10
227 2.66388e+10
228 2.57034e+10
229 2.63051e+10
230 2.68285e+10
231 2.4312e+10
232 2.69175e+10
233 2.4885e+10
234 2.60691e+10
235 2.50479e+10
236 2.39878e+10
237 2.51563e+10
238 2.62764e+10
239 2.28604e+10
240 2.46035e+10
241 2.44592e+10
242 2.35264e+10
243 2.59913e+10
244 2.29665e+10
245 2.30469e+10
246 2.38647e+10
247 2.32584e+10
248 2.18397e+10
249 2.16159e+10
250 2.23171e+10
251 2.16164e+10
252 2.1896e+10
253 2.2463e+10
254 2.11324e+10
255 2.33911e+10
256 2.14318e+10
257 2.38247e+10
258 2.12549e+10
259 2.16793e+10
260 2.02321e+10
261 2.02589e+10
262 2.10343e+10
263 1.9948e+10
264 2.17208e+10
265 2.25904e+10
266 2.05737e+10
267 2.19293e+10
268 2.08236e+10
269 2.03836e+10
270 2.0175e+10
271 2.06625e+10
272 2.04362e+10
273 2.0455e+10
274 1.98591e+10
275 1.9932e+10
276 1.99798e+10
277 2.04029e+10
278 2.00671e+10
279 1.92782e+10
280 1.78877e+10
281 1.90209e+10
282 1.98011e+10
283 1.88314e+10
284 1.84393e+10
285 1.9006e+10
286 1.89462e+10
287 1.86253e+10
288 1.71592e+10
289 1.87209e+10
290 1.95353e+10
291 1.87553e+10
292 1.75855e+10
293 1.74371e+10
294 1.74229e+10
295 1.83656e+10
296 1.82915e+10
297 1.68419e+10
298 1.70474e+10
299 1.83816e+10
300 1.72764e+10
301 1.68185e+10
302 1.71252e+10
303 1.79098e+10
304 1.69494e+10
305 1.72346e+10
306 1.68512e+10
307 1.69183e+10
308 1.67617e+10
309 1.6826e+10
310 1.64085e+10
311 1.63968e+10
312 1.63688e+10
313 1.54707e+10
314 1.55406e+10
315 1.6382e+10
316 1.52804e+10
317 1.59818e+10
318 1.60954e+10
319 1.64074e+10
320 1.57751e+10
321 1.47104e+10
322 1.57766e+10
323 1.5503e+10
324 1.43654e+10
325 1.4634e+10
326 1.5657e+10
327 1.48455e+10
328 1.46025e+10
329 1.45663e+10
330 1.46382e+10
331 1.43453e+10
332 1.47825e+10
333 1.42533e+10
334 1.4919e+10
335 1.40043e+10
336 1.41361e+10
337 1.35623e+10
338 1.36276e+10
339 1.40148e+10
340 1.40544e+10
341 1.42601e+10
342 1.31877e+10
343 1.41731e+10
344 1.43211e+10
345 1.3446e+10
346 1.2541e+10
347 1.30014e+10
348 1.31252e+10
349 1.31203e+10
350 1.28397e+10
351 1.32177e+10
352 1.2996e+10
353 1.2889e+10
354 1.25716e+10
355 1.2906e+10
356 1.32623e+10
357 1.28157e+10
358 1.28033e+10
359 1.31555e+10
360 1.18514e+10
361 1.19002e+10
362 1.25573e+10
363 1.20698e+10
364 1.22495e+10
365 1.20855e+10
366 1.16571e+10
367 1.19655e+10
368 1.20688e+10
369 1.15686e+10
370 1.20727e+10
371 1.15442e+10
372 1.13227e+10
373 1.13883e+10
374 1.14923e+10
375 1.20446e+10
376 1.19052e+10
377 1.08775e+10
378 1.15036e+10
379 1.12472e+10
380 1.13699e+10
381 1.15263e+10
382 1.14198e+10
383 1.10393e+10
384 1.09291e+10
385 1.13503e+10
386 1.08684e+10
387 1.13697e+10
388 1.06811e+10
389 1.04156e+10
390 1.07419e+10
391 1.06678e+10
392 1.05764e+10
393 1.04703e+10
394 1.04381e+10
395 9.96667e+09
396 1.01001e+10
397 1.01728e+10
398 1.03398e+10
399 1.01197e+10
400 9.77476e+09
401 1.04957e+10
402 9.26126e+09
403 9.44501e+09
404 1.00166e+10
405 9.85353e+09
406 9.70561e+09
407 9.26338e+09
408 9.42394e+09
409 9.17133e+09
410 9.35342e+09
411 9.58355e+09
412 8.91782e+09
413 9.72245e+09
414 9.15836e+09
415 8.82916e+09
416 9.61296e+09
417 8.86868e+09
418 8.99392e+09
419 9.12573e+09
420 9.33296e+09
421 9.21857e+09
422 8.54569e+09
423 8.51912e+09
424 8.80842e+09
425 8.7751e+09
426 8.87284e+09
427 8.43973e+09
428 8.48638e+09
429 8.445e+09
430 8.57923e+09
431 8.68126e+09
432 8.46771e+09
433 8.74544e+09
434 8.16979e+09
435 8.21698e+09
436 8.24269e+09
437 8.43057e+09
438 8.15093e+09
439 7.71945e+09
440 7.96708e+09
441 7.91516e+09
442 8.09911e+09
443 8.06028e+09
444 8.04354e+09
445 8.50582e+09
446 7.8409e+09
447 7.85646e+09
448 7.71539e+09
449 7.67913e+09
450 7.70673e+09
451 7.85974e+09
452 7.23704e+09
453 7.41902e+09
454 7.17467e+09
455 7.67095e+09
456 7.67833e+09
457 7.26452e+09
458 7.41042e+09
459 7.36721e+09
460 7.33755e+09
461 7.10823e+09
462 7.71013e+09
463 7.10179e+09
464 7.20643e+09
465 7.29227e+09
466 6.87911e+09
467 7.01197e+09
468 7.18174e+09
469 6.83752e+09
470 6.93456e+09
471 6.47557e+09
472 7.31101e+09
473 6.68226e+09
474 6.521e+09
475 6.70956e+09
476 6.81652e+09
477 6.86468e+09
478 6.52045e+09
479 6.62685e+09
480 6.36483e+09
481 6.42406e+09
482 6.3334e+09
483 6.41552e+09
484 6.27568e+09
485 6.40125e+09
486 6.37639e+09
487 6.25675e+09
488 6.45417e+09
489 5.95307e+09
490 6.02624e+09
491 6.04559e+09
492 6.27773e+09
493 5.92481e+09
494 6.07281e+09
495 6.03413e+09
496 6.02939e+09
497 5.93302e+09
498 5.86351e+09
499 5.67834e+09
500 5.94401e+09
501 5.73735e+09
502 6.13605e+09
503 6.0658e+09
504 5.78251e+09
505 5.73921e+09
506 5.60266e+09
507 5.50254e+09
508 5.66817e+09
509 5.6655e+09
510 5.28978e+09
511 5.50532e+09
512 5.4271e+09
513 5.54677e+09
514 5.49201e+09
515 5.53817e+09
516 5.46197e+09
517 5.31537e+09
518 5.50121e+09
519 5.51919e+09
520 5.26395e+09
521 5.07129e+09
522 5.25252e+09
523 5.29768e+09
524 5.17463e+09
525 4.93709e+09
526 5.15114e+09
527 4.95486e+09
528 5.01766e+09
529 5.12431e+09
530 5.08451e+09
531 5.03368e+09
532 4.80242e+09
533 4.94606e+09
534 4.94339e+09
535 4.95764e+09
536 4.87647e+09
537 4.77831e+09
538 4.79879e+09
539 4.71656e+09
540 4.82106e+09
541 4.55678e+09
542 4.96211e+09
543 4.67981e+09
544 4.56038e+09
545 4.61139e+09
546 4.70338e+09
547 4.50575e+09
548 4.50563e+09
549 4.63215e+09
550 4.40975e+09
551 4.68865e+09
552 4.67146e+09
553 4.50173e+09
554 4.42643e+09
555 4.42722e+09
556 4.45838e+09
557 4.43679e+09
558 4.12329e+09
559 4.39112e+09
560 4.50992e+09
561 4.3062e+09
562 4.35054e+09
563 4.28322e+09
564 4.31111e+09
565 4.04636e+09
566 4.23179e+09
567 4.18067e+09
568 3.95346e+09
569 4.07896e+09
570 4.07464e+09
571 3.87543e+09
572 4.11225e+09
573 3.93203e+09
574 4.0729e+09
575 3.82562e+09
576 3.89862e+09
577 3.87222e+09
578 4.08129e+09
579 3.7669e+09
580 3.82634e+09
581 3.86612e+09
582 3.72957e+09
583 3.89328e+09
584 3.74396e+09
585 3.67228e+09
586 3.81033e+09
587 3.78143e+09
588 3.71827e+09
589 3.62919e+09
590 3.68157e+09
591 3.64781e+09
592 3.78617e+09
593 3.62566e+09
594 3.69565e+09
595 3.69635e+09
596 3.59719e+09
597 3.5032e+09
598 3.5196e+09
599 3.50276e+09
600 3.55597e+09
601 3.50186e+09
602 3.37072e+09
603 3.37804e+09
604 3.46245e+09
605 3.57413e+09
606 3.35145e+09
607 3.24413e+09
608 3.36024e+09
609 3.25365e+09
610 3.35928e+09
611 3.3286e+09
612 3.36588e+09
613 3.26644e+09
614 3.22068e+09
615 3.23998e+09
616 3.12143e+09
617 3.2901e+09
618 3.11614e+09
619 3.07214e+09
620 3.1322e+09
621 3.21155e+09
622 3.04795e+09
623 3.07331e+09
624 2.99168e+09
625 3.19818e+09
626 3.10784e+09
627 3.14777e+09
628 3.03515e+09
629 2.92973e+09
630 2.84534e+09
631 3.00033e+09
632 2.98186e+09
633 3.08844e+09
634 2.90287e+09
635 2.89989e+09
636 2.80606e+09
637 2.90327e+09
638 2.87885e+09
639 2.91297e+09
640 2.91735e+09
641 2.8138e+09
642 2.88691e+09
643 2.76067e+09
644 2.70701e+09
645 2.76133e+09
646 2.67662e+09
647 2.80481e+09
648 2.6977e+09
649 2.68035e+09
650 2.68144e+09
651 2.73448e+09
652 2.54049e+09
653 2.72039e+09
654 2.60902e+09
655 2.6066e+09
656 2.73824e+09
657 2.56846e+09
658 2.71013e+09
659 2.5038e+09
660 2.61822e+09
661 2.55584e+09
662 2.66423e+09
663 2.56783e+09
664 2.58208e+09
665 2.49149e+09
666 2.46617e+09
667 2.53133e+09
668 2.51518e+09
669 2.38945e+09
670 2.38952e+09
671 2.42136e+09
672 2.49361e+09
673 2.51547e+09
674 2.53339e+09
675 2.54363e+09
676 2.33182e+09
677 2.38106e+09
678 2.38788e+09
679 2.43545e+09
680 2.3706e+09
681 2.31182e+09
682 2.27508e+09
683 2.26462e+09
684 2.23491e+09
685 2.34035e+09
686 2.20428e+09
687 2.28146e+09
688 2.31599e+09
689 2.29041e+09
690 2.25296e+09
691 2.28117e+09
692 2.22363e+09
693 2.15141e+09
694 2.1855e+09
695 2.19004e+09
696 2.21129e+09
697 2.13467e+09
698 2.1506e+09
699 2.10051e+09
700 2.09034e+09
701 2.16148e+09
702 2.12246e+09
703 2.14845e+09
704 2.0692e+09
705 2.08396e+09
706 2.15642e+09
707 2.1029e+09
708 1.96003e+09
709 1.99735e+09
710 2.10497e+09
711 2.03951e+09
712 2.08517e+09
713 2.02569e+09
714 2.10217e+09
715 1.97483e+09
716 2.0346e+09
717 2.00909e+09
718 1.96641e+09
719 1.96092e+09
720 1.96946e+09
721 1.92966e+09
722 2.01502e+09
723 1.8717e+09
724 1.84924e+09
725 1.86465e+09
726 1.93309e+09
727 1.79121e+09
728 1.82626e+09
729 1.92653e+09
730 1.85002e+09
731 1.86561e+09
732 1.83953e+09
733 1.87762e+09
734 1.88369e+09
735 1.87014e+09
736 1.76284e+09
737 1.8341e+09
738 1.85909e+09
739 1.79631e+09
740 1.79309e+09
741 1.82676e+09
742 1.78606e+09
743 1.6962e+09
744 1.73452e+09
745 1.78467e+09
746 1.76196e+09
747 1.76329e+09
748 1.8101e+09
749 1.6284e+09
750 1.71946e+09
751 1.73116e+09
752 1.70611e+09
753 1.64364e+09
754 1.70287e+09
755 1.66939e+09
756 1.66312e+09
757 1.65597e+09
758 1.62949e+09
759 1.67598e+09
760 1.63735e+09
761 1.6225e+09
762 1.64245e+09
763 1.66011e+09
764 1.58728e+09
765 1.57347e+09
766 1.62127e+09
767 1.60693e+09
768 1.57597e+09
769 1.56939e+09
770 1.57057e+09
771 1.52745e+09
772 1.62623e+09
773 1.54051e+09
774 1.52801e+09
775 1.5542e+09
776 1.56568e+09
777 1.43195e+09
778 1.51916e+09
779 1.52549e+09
780 1.50321e+09
781 1.50667e+09
782 1.4407e+09
783 1.50444e+09
784 1.47071e+09
785 1.50686e+09
786 1.44749e+09
787 1.51414e+09
788 1.47043e+09
789 1.46029e+09
790 1.5005e+09
791 1.45828e+09
792 1.42466e+09
793 1.40496e+09
794 1.42795e+09
795 1.38703e+09
796 1.43789e+09
797 1.44434e+09
798 1.40723e+09
799 1.38619e+09
800 1.36927e+09
801 1.39251e+09
802 1.35984e+09
803 1.3336e+09
804 1.39767e+09
805 1.32831e+09
806 1.33963e+09
807 1.34779e+09
808 1.38777e+09
809 1.30379e+09
810 1.31644e+09
811 1.31557e+09
812 1.28769e+09
813 1.35578e+09
814 1.28423e+09
815 1.30825e+09
816 1.31282e+09
817 1.29662e+09
818 1.28756e+09
819 1.28988e+09
820 1.28155e+09
821 1.27235e+09
822 1.26016e+09
823 1.27214e+09
824 1.23648e+09
825 1.26144e+09
826 1.25348e+09
827 1.27717e+09
828 1.31096e+09
829 1.25389e+09
830 1.20776e+09
831 1.23518e+09
832 1.22793e+09
833 1.2173e+09
834 1.18555e+09
835 1.16591e+09
836 1.21401e+09
837 1.24876e+09
838 1.19542e+09
839 1.16031e+09
840 1.17814e+09
841 1.1701e+09
842 1.18387e+09
843 1.14602e+09
844 1.14201e+09
845 1.19934e+09
846 1.16261e+09
847 1.12895e+09
848 1.14066e+09
849 1.16778e+09
850 1.14493e+09
851 1.15509e+09
852 1.12851e+09
853 1.13774e+09
854 1.11892e+09
855 1.11377e+09
856 1.13428e+09
857 1.15812e+09
858 1.13785e+09
859 1.11617e+09
860 1.11538e+09
861 1.12848e+09
862 1.09685e+09
863 1.10698e+09
864 1.103e+09
865 1.13081e+09
866 1.05857e+09
867 1.10823e+09
868 1.10524e+09
869 1.07062e+09
870 1.1105e+09
871 1.0847e+09
872 1.04888e+09
873 1.05986e+09
874 1.06438e+09
875 1.03345e+09
876 1.05997e+09
877 1.06342e+09
878 1.05597e+09
879 1.0541e+09
880 1.01966e+09
881 1.06345e+09
882 1.04286e+09
883 1.03469e+09
884 1.02008e+09
885 1.04248e+09
886 1.01144e+09
887 1.0096e+09
888 1.04657e+09
889 9.89959e+08
890 1.03718e+09
891 9.70844e+08
892 1.01505e+09
893 9.88328e+08
894 9.86527e+08
895 9.71212e+08
896 9.87045e+08
897 9.86927e+08
898 9.8666e+08
899 9.83359e+08
900 1.0307e+09
901 9.56716e+08
902 9.45152e+08
903 9.62192e+08
904 9.61818e+08
905 9.63886e+08
906 9.83776e+08
907 9.5386e+08
908 9.36649e+08
909 9.61623e+08
910 9.54542e+08
911 9.80779e+08
912 9.31698e+08
913 9.52265e+08
914 9.46523e+08
915 9.31149e+08
916 9.50659e+08
917 9.49295e+08
918 9.10107e+08
919 9.29239e+08
920 9.24171e+08
921 9.34581e+08
922 8.97607e+08
923 9.2237e+08
924 8.9714e+08
925 9.03599e+08
926 9.02244e+08
927 9.18391e+08
928 9.13714e+08
929 8.90171e+08
930 9.16768e+08
931 9.11939e+08
932 9.02365e+08
933 8.86785e+08
934 8.94858e+08
935 9.06199e+08
936 8.65508e+08
937 9.13227e+08
938 8.63398e+08
939 9.12147e+08
940 8.84894e+08
941 8.83351e+08
942 8.7371e+08
943 8.86311e+08
944 8.76257e+08
945 8.88602e+08
946 8.21056e+08
947 8.89967e+08
948 8.61748e+08
949 8.57066e+08
950 8.81968e+08
951 8.54001e+08
952 8.68429e+08
953 8.44986e+08
954 8.5788e+08
955 8.27711e+08
956 8.71095e+08
957 8.75325e+08
958 8.64187e+08
959 8.58221e+08
960 8.42528e+08
961 8.35364e+08
962 8.44072e+08
963 8.43033e+08
964 8.26541e+08
965 8.44059e+08
966 8.30019e+08
967 8.49573e+08
968 8.44624e+08
969 8.45663e+08
970 8.16074e+08
971 8.25187e+08
972 8.14913e+08
973 7.91361e+08
974 8.03146e+08
975 8.18923e+08
976 8.32632e+08
977 7.94916e+08
978 8.17339e+08
979 7.97919e+08
980 8.17975e+08
981 8.20155e+08
982 8.04665e+08
983 8.043e+08
984 7.92071e+08
985 7.96054e+08
986 7.93445e+08
987 8.09547e+08
988 7.79235e+08
989 7.80993e+08
990 7.98011e+08
991 7.78273e+08
992 7.83835e+08
993 7.80114e+08
994 8.00876e+08
995 8.0006e+08
996 7.97912e+08
997 7.75055e+08
998 7.77341e+08
999 7.90947e+08
1000 7.87266e+08
1001 7.93155e+08
1002 7.74638e+08
1003 7.64227e+08
1004 7.68712e+08
1005 7.77687e+08
1006 7.54585e+08
1007 7.67554e+08
1008 7.66664e+08
1009 7.59364e+08
1010 7.84165e+08
1011 7.64703e+08
1012 7.56196e+08
1013 7.7309e+08
1014 7.68089e+08
1015 7.64883e+08
1016 7.54874e+08
1017 7.66147e+08
1018 7.6808e+08
1019 7.84914e+08
1020 7.54995e+08
1021 7.78101e+08
1022 7.62981e+08
1023 7.45865e+08
1024 7.65354e+08
