# input_file=p1_3_4.tif
# Nx=2048
# Ny=2048
0 2.86193e+17
1 1.66214e+13
2 9.32001e+12
3 8.11507e+12
4 5.59744e+12
5 7.80058e+12
6 5.22628e+12
7 3.50664e+12
8 4.23806e+12
9 3.13538e+12
10 3.91165e+12
11 2.51193e+12
12 2.65421e+12
13 2.35201e+12
14 2.13867e+12
15 1.324e+12
16 1.1289e+12
17 1.23749e+12
18 1.13926e+12
19 1.04952e+12
20 1.2306e+12
21 1.03527e+12
22 7.99121e+11
23 8.01326e+11
24 8.6378e+11
25 6.1935e+11
26 6.71355e+11
27 6.55388e+11
28 4.74863e+11
29 5.67172e+11
30 5.54414e+11
31 4.81502e+11
32 4.77836e+11
33 4.43157e+11
34 5.33287e+11
35 4.02252e+11
36 4.47631e+11
37 3.20488e+11
38 3.80868e+11
39 3.6638e+11
40 4.09996e+11
41 3.36346e+11
42 3.35574e+11
43 3.56082e+11
44 3.19495e+11
45 3.21325e+11
46 2.94167e+11
47 2.79637e+11
48 2.74878e+11
49 2.61723e+11
50 2.66802e+11
51 2.57214e+11
52 2.31305e+11
53 2.29699e+11
54 2.68002e+11
55 2.1105e+11
56 2.23479e+11
57 2.32092e+11
58 1.993e+11
59 2.66995e+11
60 2.08055e+11
61 2.04017e+11
62 2.12787e+11
63 1.88398e+11
64 1.94099e+11
65 1.9186e+11
66 1.95709e+11
67 1.88969e+11
68 1.58297e+11
69 1.65497e+11
70 1.52861e+11
71 1.55892e+11
72 1.59942e+11
73 1.48112e+11
74 1.51565e+11
75 1.57322e+11
76 1.35197e+11
77 1.4208e+11
78 1.44759e+11
79 1.34227e+11
80 1.23596e+11
81 1.20612e+11
82 1.29786e+11
83 1.35683e+11
84 1.31127e+11
85 1.23311e+11
86 1.28475e+11
87 1.17177e+11
88 1.44426e+11
89 1.02223e+11
90 1.0273e+11
91 9.45452e+10
92 1.0154e+11
93 1.11105e+11
94 1.0842e+11
95 1.0592e+11
96 1.093e+11
97 1.03158e+11
98 1.0573e+11
99 9.7645e+10
100 8.9862e+10
101 9.92142e+10
102 8.78278e+10
103 9.04282e+10
104 9.94518e+10
105 8.61555e+10
106 8.77379e+10
107 8.66819e+10
108 8.1936e+10
109 7.38591e+10
110 7.93481e+10
111 7.336e+10
112 8.17996e+10
113 7.71394e+10
114 7.54003e+10
115 6.94696e+10
116 7.70565e+10
117 7.15969e+10
118 7.41389e+10
119 7.29397e+10
120 6.92261e+10
121 6.62321e+10
122 7.33075e+10
123 6.95781e+10
124 6.40778e+10
125 6.78197e+10
126 5.92871e+10
127 6.14439e+10
128 7.16165e+10
129 6.29784e+10
130 5.3738e+10
131 6.04348e+10
132 5.54883e+10
133 6.26843e+10
134 5.71448e+10
135 5.85988e+10
136 5.87838e+10
137 5.24009e+10
138 5.50802e+10
139 5.91874e+10
140 4.88141e+10
141 4.97611e+10
142 5.05312e+10
143 4.90111e+10
144 5.40842e+10
145 5.23443e+10
146 5.04553e+10
147 4.9612e+10
148 4.94872e+10
149 4.99687e+10
150 5.06339e+10
151 4.78538e+10
152 5.03653e+10
153 4.63501e+10
154 4.67094e+10
155 4.55118e+10
156 4.49588e+10
157 4.65006e+10
158 4.60792e+10
159 3.98479e+10
160 4.12638e+10
161 4.63096e+10
162 3.86449e+10
163 3.85374e+10
164 4.25068e+10
165 4.20346e+10
166 3.87017e+10
167 4.07146e+10
168 4.17273e+10
169 4.09476e+10
170 4.01108e+10
171 3.76244e+10
172 3.89744e+10
173 3.82778e+10
174 3.97961e+10
175 3.43495e+10
176 3.85457e+10
177 3.51739e+10
178 3.64505e+10
179 3.5513e+10
180 4.04127e+10
181 3.42854e+10
182 3.67284e+10
183 3.5973e+10
184 3.56385e+10
185 3.45673e+10
186 3.27962e+10
187 3.59113e+10
188 3.55255e+10
189 3.21651e+10
190 3.23677e+10
191 3.5037e+10
192 3.44799e+10
193 3.18903e+10
194 3.45928e+10
195 3.30314e+10
196 3.17305e+10
197 3.07888e+10
198 2.96125e+10
199 3.15805e+10
200 2.91733e+10
201 2.93777e+10
202 2.9722e+10
203 2.89167e+10
204 3.27001e+10
205 3.05433e+10
206 2.80971e+10
207 2.94027e+10
208 2.84745e+10
209 2.91571e+10
210 2.79248e+10
211 2.68577e+10
212 2.6978e+10
213 2.96357e+10
214 2.90874e+10
215 2.96965e+10
216 2.74465e+10
217 2.77623e+10
218 2.76305e+10
219 2.58509e+10
220 2.65304e+10
221 2.67899e+10
222 2.65113e+10
223 2.69168e+10
224 2.75269e+10
225 2.58026e+10
226 2.71697e+10
227 2.43308e+10
228 2.64062e+10
229 2.60455e+10
230 2.58284e+10
231 2.69804e+10
232 2.59772e+10
233 2.32615e+10
234 2.57927e+10
235 2.31402e+10
236 2.48795e+10
237 2.37273e+10
238 2.33041e+10
239 2.51768e+10
240 2.16854e+10
241 2.29439e+10
242 2.32561e+10
243 2.25378e+10
244 2.40755e+10
245 2.23714e+10
246 2.16909e+10
247 2.20445e+10
248 2.20485e+10
249 2.26431e+10
250 2.1124e+10
251 2.22283e+10
252 2.32802e+10
253 2.16125e+10
254 2.0838e+10
255 2.12421e+10
256 2.15678e+10
257 2.26392e+10
258 2.3248e+10
259 2.15521e+10
260 2.17543e+10
261 2.17243e+10
262 2.0428e+10
263 1.94498e+10
264 2.23372e+10
265 2.03992e+10
266 1.92827e+10
267 2.0759e+10
268 2.13511e+10
269 2.10222e+10
270 1.95474e+10
271 2.00643e+10
272 1.95353e+10
273 1.98193e+10
274 1.89548e+10
275 2.04871e+10
276 1.90831e+10
277 2.05974e+10
278 1.92549e+10
279 1.87763e+10
280 1.91125e+10
281 1.79837e+10
282 1.83333e+10
283 1.86776e+10
284 1.80235e+10
285 1.90982e+10
286 1.8421e+10
287 1.83599e+10
288 1.73489e+10
289 1.89005e+10
290 1.81052e+10
291 1.72175e+10
292 1.76402e+10
293 1.75769e+10
294 1.68364e+10
295 1.74335e+10
296 1.79208e+10
297 1.75384e+10
298 1.69251e+10
299 1.68126e+10
300 1.7128e+10
301 1.61912e+10
302 1.65087e+10
303 1.66081e+10
304 1.66812e+10
305 1.57532e+10
306 1.72814e+10
307 1.60587e+10
308 1.66256e+10
309 1.53979e+10
310 1.62935e+10
311 1.59051e+10
312 1.57217e+10
313 1.5911e+10
314 1.56671e+10
315 1.52449e+10
316 1.45801e+10
317 1.45691e+10
318 1.53622e+10
319 1.51929e+10
320 1.56324e+10
321 1.48376e+10
322 1.49155e+10
323 1.61462e+10
324 1.48419e+10
325 1.43772e+10
326 1.5368e+10
327 1.49416e+10
328 1.46493e+10
329 1.384e+10
330 1.4682e+10
331 1.48099e+10
332 1.41461e+10
333 1.34305e+10
334 1.32309e+10
335 1.41208e+10
336 1.38118e+10
337 1.35844e+10
338 1.41455e+10
339 1.36176e+10
340 1.33722e+10
341 1.3196e+10
342 1.35794e+10
343 1.33875e+10
344 1.30194e+10
345 1.29267e+10
346 1.31394e+10
347 1.29779e+10
348 1.23784e+10
349 1.27346e+10
350 1.28665e+10
351 1.28068e+10
352 1.29271e+10
353 1.29414e+10
354 1.26987e+10
355 1.25491e+10
356 1.20369e+10
357 1.13991e+10
358 1.31588e+10
359 1.19802e+10
360 1.22546e+10
361 1.29903e+10
362 1.18161e+10
363 1.2048e+10
364 1.18119e+10
365 1.19679e+10
366 1.14402e+10
367 1.12829e+10
368 1.1929e+10
369 1.138e+10
370 1.17787e+10
371 1.11513e+10
372 1.16326e+10
373 1.10012e+10
374 1.1405e+10
375 1.15626e+10
376 1.15144e+10
377 1.04051e+10
378 1.08301e+10
379 1.16329e+10
380 1.09711e+10
381 1.11441e+10
382 1.06574e+10
383 1.1246e+10
384 1.09703e+10
385 1.10821e+10
386 1.09996e+10
387 1.07589e+10
388 1.07958e+10
389 1.05657e+10
390 1.01266e+10
391 1.08283e+10
392 1.05985e+10
393 1.04873e+10
394 1.00847e+10
395 1.03772e+10
396 9.62947e+09
397 9.87465e+09
398 9.32228e+09
399 1.05476e+10
400 9.71562e+09
401 9.79257e+09
402 9.13783e+09
403 9.67602e+09
404 9.9512e+09
405 9.62889e+09
406 9.33581e+09
407 9.46533e+09
408 8.93525e+09
409 9.17872e+09
410 9.46117e+09
411 9.1531e+09
412 9.00336e+09
413 8.9176e+09
414 8.90095e+09
415 8.93511e+09
416 8.98643e+09
417 9.07825e+09
418 8.93697e+09
419 8.96759e+09
420 8.6423e+09
421 9.01909e+09
422 8.84867e+09
423 8.63784e+09
424 8.72994e+09
425 8.63829e+09
426 8.80879e+09
427 8.51401e+09
428 8.56642e+09
429 8.84674e+09
430 8.49159e+09
431 8.51107e+09
432 7.88128e+09
433 8.05812e+09
434 8.1455e+09
435 8.52886e+09
436 8.00605e+09
437 8.17812e+09
438 8.06912e+09
439 8.52134e+09
440 8.10371e+09
441 7.83365e+09
442 8.20828e+09
443 8.02903e+09
444 7.89662e+09
445 7.96666e+09
446 8.23542e+09
447 7.33993e+09
448 7.69472e+09
449 7.57603e+09
450 7.63843e+09
451 7.82795e+09
452 7.80925e+09
453 7.25795e+09
454 7.61108e+09
455 7.41302e+09
456 7.10362e+09
457 7.27646e+09
458 7.149e+09
459 7.05127e+09
460 7.27795e+09
461 7.45377e+09
462 7.16437e+09
463 6.9549e+09
464 7.46341e+09
465 7.13867e+09
466 7.25536e+09
467 6.78477e+09
468 6.85962e+09
469 6.80439e+09
470 6.83966e+09
471 6.82705e+09
472 6.41725e+09
473 6.4454e+09
474 6.61294e+09
475 6.40704e+09
476 6.51236e+09
477 6.70187e+09
478 6.75974e+09
479 6.59393e+09
480 6.44276e+09
481 6.48034e+09
482 6.59625e+09
483 6.60285e+09
484 6.32695e+09
485 6.27909e+09
486 6.23678e+09
487 6.21804e+09
488 6.47019e+09
489 6.05781e+09
490 6.23511e+09
491 6.29979e+09
492 5.97266e+09
493 5.98485e+09
494 6.31996e+09
495 5.87265e+09
496 5.98326e+09
497 6.22154e+09
498 5.82589e+09
499 5.79605e+09
500 5.91833e+09
501 6.09201e+09
502 5.77907e+09
503 5.73605e+09
504 5.81121e+09
505 5.45546e+09
506 5.67615e+09
507 5.85619e+09
508 5.68921e+09
509 5.58777e+09
510 5.34828e+09
511 5.36452e+09
512 5.46414e+09
513 5.39562e+09
514 5.5355e+09
515 5.41851e+09
516 5.32529e+09
517 5.39015e+09
518 5.3302e+09
519 5.27442e+09
520 5.2342e+09
521 5.30741e+09
522 5.31787e+09
523 5.28652e+09
524 5.22666e+09
525 4.96743e+09
526 5.24235e+09
527 5.17339e+09
528 5.01262e+09
529 5.02284e+09
530 5.05323e+09
531 5.06282e+09
532 4.93069e+09
533 5.10195e+09
534 4.86774e+09
535 4.92588e+09
536 4.69523e+09
537 4.76882e+09
538 4.82143e+09
539 4.73142e+09
540 4.72517e+09
541 4.86676e+09
542 4.60856e+09
543 4.85249e+09
544 4.52804e+09
545 4.68379e+09
546 4.49113e+09
547 4.57717e+09
548 4.65614e+09
549 4.51925e+09
550 4.51617e+09
551 4.64183e+09
552 4.48041e+09
553 4.48999e+09
554 4.58709e+09
555 4.55535e+09
556 4.42739e+09
557 4.40895e+09
558 4.46435e+09
559 4.40673e+09
560 4.16838e+09
561 4.2481e+09
562 4.28636e+09
563 4.25771e+09
564 4.06796e+09
565 4.1299e+09
566 4.32878e+09
567 4.0482e+09
568 4.21188e+09
569 3.93902e+09
570 4.15884e+09
571 4.10523e+09
572 3.89315e+09
573 4.03805e+09
574 4.04617e+09
575 4.15484e+09
576 3.85203e+09
577 4.04471e+09
578 3.7939e+09
579 3.94246e+09
580 3.79624e+09
581 3.92772e+09
582 3.74889e+09
583 3.79147e+09
584 3.93052e+09
585 3.73231e+09
586 3.75273e+09
587 3.66925e+09
588 3.66064e+09
589 3.65751e+09
590 3.70541e+09
591 3.72139e+09
592 3.75399e+09
593 3.68725e+09
594 3.65703e+09
595 3.56185e+09
596 3.58103e+09
597 3.6072e+09
598 3.53942e+09
599 3.60676e+09
600 3.63902e+09
601 3.54247e+09
602 3.39062e+09
603 3.39127e+09
604 3.44554e+09
605 3.42216e+09
606 3.47057e+09
607 3.50609e+09
608 3.25318e+09
609 3.32731e+09
610 3.46961e+09
611 3.25002e+09
612 3.40797e+09
613 3.32922e+09
614 3.20746e+09
615 3.26725e+09
616 3.28466e+09
617 3.17818e+09
618 3.21138e+09
619 3.36632e+09
620 3.22295e+09
621 3.2206e+09
622 3.2285e+09
623 3.13404e+09
624 3.15069e+09
625 3.05559e+09
626 3.0251e+09
627 3.10094e+09
628 3.13638e+09
629 3.1472e+09
630 2.91288e+09
631 2.90573e+09
632 3.12084e+09
633 3.21956e+09
634 3.03068e+09
635 3.05129e+09
636 3.04888e+09
637 3.03947e+09
638 2.90321e+09
639 2.90909e+09
640 2.88444e+09
641 2.95326e+09
642 2.86685e+09
643 2.72621e+09
644 2.8217e+09
645 2.88536e+09
646 2.88921e+09
647 2.87938e+09
648 2.84808e+09
649 2.74386e+09
650 2.68817e+09
651 2.86694e+09
652 2.74744e+09
653 2.75915e+09
654 2.68984e+09
655 2.65331e+09
656 2.73548e+09
657 2.57343e+09
658 2.63913e+09
659 2.69571e+09
660 2.60879e+09
661 2.63284e+09
662 2.64981e+09
663 2.57711e+09
664 2.64753e+09
665 2.63121e+09
666 2.59486e+09
667 2.58357e+09
668 2.48476e+09
669 2.53824e+09
670 2.52469e+09
671 2.44927e+09
672 2.53228e+09
673 2.50998e+09
674 2.54191e+09
675 2.44417e+09
676 2.44857e+09
677 2.4285e+09
678 2.38597e+09
679 2.33073e+09
680 2.39188e+09
681 2.37076e+09
682 2.47514e+09
683 2.43715e+09
684 2.39656e+09
685 2.36964e+09
686 2.30968e+09
687 2.41236e+09
688 2.28856e+09
689 2.29137e+09
690 2.2444e+09
691 2.24211e+09
692 2.31699e+09
693 2.30899e+09
694 2.33505e+09
695 2.23502e+09
696 2.20839e+09
697 2.20698e+09
698 2.122e+09
699 2.17422e+09
700 2.28896e+09
701 2.14647e+09
702 2.22814e+09
703 2.27626e+09
704 2.14366e+09
705 2.099e+09
706 2.14759e+09
707 2.09972e+09
708 2.13464e+09
709 2.00532e+09
710 2.12207e+09
711 2.14603e+09
712 2.11461e+09
713 2.00481e+09
714 2.12428e+09
715 2.10287e+09
716 2.02393e+09
717 2.06769e+09
718 2.03694e+09
719 2.04253e+09
720 1.9921e+09
721 2.00849e+09
722 2.05683e+09
723 1.97476e+09
724 2.00464e+09
725 1.95161e+09
726 1.92338e+09
727 1.92806e+09
728 1.91225e+09
729 1.91725e+09
730 1.90966e+09
731 1.97189e+09
732 1.90679e+09
733 1.97406e+09
734 1.91139e+09
735 1.84084e+09
736 1.82663e+09
737 1.87608e+09
738 1.8589e+09
739 1.80592e+09
740 1.86847e+09
741 1.79288e+09
742 1.80661e+09
743 1.72169e+09
744 1.82072e+09
745 1.73194e+09
746 1.78158e+09
747 1.76614e+09
748 1.77388e+09
749 1.67753e+09
750 1.81921e+09
751 1.72494e+09
752 1.77521e+09
753 1.73674e+09
754 1.7176e+09
755 1.74283e+09
756 1.67657e+09
757 1.79566e+09
758 1.73241e+09
759 1.70595e+09
760 1.6874e+09
761 1.70248e+09
762 1.65734e+09
763 1.6381e+09
764 1.65554e+09
765 1.65913e+09
766 1.65454e+09
767 1.59325e+09
768 1.64133e+09
769 1.63699e+09
770 1.55167e+09
771 1.66641e+09
772 1.60813e+09
773 1.58457e+09
774 1.56215e+09
775 1.52986e+09
776 1.58677e+09
777 1.56688e+09
778 1.5821e+09
779 1.58112e+09
780 1.53197e+09
781 1.43414e+09
782 1.55973e+09
783 1.50104e+09
784 1.56655e+09
785 1.55726e+09
786 1.47125e+09
787 1.54836e+09
788 1.50731e+09
789 1.5074e+09
790 1.49844e+09
791 1.47067e+09
792 1.48735e+09
793 1.50348e+09
794 1.41918e+09
795 1.42691e+09
796 1.4423e+09
797 1.45254e+09
798 1.45299e+09
799 1.47784e+09
800 1.41432e+09
801 1.39796e+09
802 1.45057e+09
803 1.41369e+09
804 1.39144e+09
805 1.42845e+09
806 1.36175e+09
807 1.44056e+09
808 1.38808e+09
809 1.40324e+09
810 1.40321e+09
811 1.36052e+09
812 1.35258e+09
813 1.34737e+09
814 1.32563e+09
815 1.33766e+09
816 1.31761e+09
817 1.31851e+09
818 1.29809e+09
819 1.34949e+09
820 1.342e+09
821 1.32446e+09
822 1.33524e+09
823 1.3226e+09
824 1.31316e+09
825 1.29405e+09
826 1.27898e+09
827 1.28618e+09
828 1.26533e+09
829 1.29744e+09
830 1.25951e+09
831 1.25531e+09
832 1.25994e+09
833 1.26704e+09
834 1.26854e+09
835 1.2222e+09
836 1.22415e+09
837 1.25385e+09
838 1.2153e+09
839 1.23379e+09
840 1.26938e+09
841 1.21253e+09
842 1.22051e+09
843 1.19927e+09
844 1.20876e+09
845 1.21161e+09
846 1.1774e+09
847 1.1928e+09
848 1.18701e+09
849 1.14532e+09
850 1.21192e+09
851 1.16303e+09
852 1.17952e+09
853 1.19631e+09
854 1.15889e+09
855 1.1488e+09
856 1.16078e+09
857 1.14067e+09
858 1.14526e+09
859 1.13736e+09
860 1.1229e+09
861 1.12826e+09
862 1.14746e+09
863 1.15764e+09
864 1.09661e+09
865 1.12545e+09
866 1.09678e+09
867 1.09674e+09
868 1.09068e+09
869 1.11445e+09
870 1.12699e+09
871 1.11422e+09
872 1.09833e+09
873 1.10375e+09
874 1.07224e+09
875 1.08768e+09
876 1.10885e+09
877 1.07755e+09
878 1.04832e+09
879 1.09352e+09
880 1.06662e+09
881 1.06142e+09
882 1.08645e+09
883 1.0508e+09
884 1.05645e+09
885 1.05701e+09
886 1.04314e+09
887 1.06955e+09
888 1.05576e+09
889 1.03721e+09
890 1.02474e+09
891 1.03867e+09
892 1.02569e+09
893 1.01389e+09
894 1.00041e+09
895 1.00048e+09
896 1.00971e+09
897 1.00432e+09
898 9.98602e+08
899 1.00678e+09
900 9.89586e+08
901 1.01052e+09
902 1.02512e+09
903 1.01324e+09
904 9.6823e+08
905 9.79973e+08
906 9.85744e+08
907 9.86208e+08
908 9.48865e+08
909 9.58231e+08
910 9.40175e+08
911 9.9207e+08
912 9.76225e+08
913 9.35468e+08
914 9.92213e+08
915 9.48146e+08
916 9.8906e+08
917 9.51948e+08
918 9.68885e+08
919 9.76624e+08
920 9.44033e+08
921 9.2938e+08
922 9.7005e+08
923 9.34308e+08
924 9.44516e+08
925 9.27285e+08
926 9.22303e+08
927 9.34334e+08
928 9.34404e+08
929 9.27983e+08
930 9.36413e+08
931 9.01132e+08
932 8.89198e+08
933 9.35751e+08
934 9.10451e+08
935 8.86445e+08
936 8.73001e+08
937 9.11151e+08
938 8.93627e+08
939 8.66744e+08
940 8.90314e+08
941 8.82091e+08
942 8.96202e+08
943 8.86418e+08
944 8.96896e+08
945 8.80961e+08
946 8.73193e+08
947 8.77427e+08
948 8.62422e+08
949 9.16662e+08
950 8.92314e+08
951 8.80682e+08
952 8.87879e+08
953 8.93277e+08
954 8.71891e+08
955 8.61134e+08
956 8.71635e+08
957 8.70616e+08
958 8.55799e+08
959 8.33576e+08
960 8.3312e+08
961 8.50424e+08
962 8.36297e+08
963 8.8036e+08
964 8.33132e+08
965 8.24084e+08
966 8.42069e+08
967 8.77873e+08
968 8.40039e+08
969 8.54279e+08
970 8.65948e+08
971 8.06867e+08
972 8.44564e+08
973 8.39996e+08
974 8.45631e+08
975 8.17119e+08
976 8.246e+08
977 8.07382e+08
978 8.65985e+08
979 8.35443e+08
980 8.46518e+08
981 8.09388e+08
982 8.04476e+08
983 8.12048e+08
984 8.25546e+08
985 8.24668e+08
986 7.8934e+08
987 8.11995e+08
988 7.98155e+08
989 7.87808e+08
990 8.21072e+08
991 8.04541e+08
992 7.66696e+08
993 8.02472e+08
994 8.17653e+08
995 7.9438e+08
996 8.03953e+08
997 8.40744e+08
998 7.91855e+08
999 8.10202e+08
1000 8.1182e+08
1001 8.04631e+08
1002 7.90148e+08
1003 7.71401e+08
1004 7.83008e+08
1005 7.91348e+08
1006 7.72016e+08
1007 7.63199e+08
1008 8.03685e+08
1009 7.7818e+08
1010 7.89788e+08
1011 7.74673e+08
1012 7.688e+08
1013 7.81153e+08
1014 7.77656e+08
1015 7.93377e+08
1016 7.75457e+08
1017 7.82373e+08
1018 7.53079e+08
1019 7.78067e+08
1020 7.7292e+08
1021 7.48e+08
1022 7.65268e+08
1023 7.6392e+08
1024 7.4853e+08
