# input_file=p1_4_3.tif
# Nx=2048
# Ny=2048
0 2.87858e+17
1 5.70105e+13
2 1.23611e+13
3 7.25426e+12
4 7.76751e+12
5 6.59664e+12
6 4.52282e+12
7 6.38868e+12
8 3.57162e+12
9 3.58291e+12
10 2.58853e+12
11 3.10995e+12
12 2.4754e+12
13 2.07051e+12
14 1.87514e+12
15 1.71244e+12
16 1.49007e+12
17 1.3235e+12
18 1.1248e+12
19 9.74249e+11
20 1.04355e+12
21 8.75845e+11
22 1.06705e+12
23 7.81761e+11
24 8.87515e+11
25 7.45282e+11
26 5.98098e+11
27 7.04534e+11
28 6.64844e+11
29 5.98263e+11
30 5.98899e+11
31 5.25015e+11
32 5.48889e+11
33 4.79384e+11
34 4.05392e+11
35 3.99664e+11
36 4.63646e+11
37 4.6018e+11
38 3.94716e+11
39 4.20702e+11
40 3.84964e+11
41 4.05684e+11
42 3.37259e+11
43 3.27279e+11
44 3.18364e+11
45 2.946e+11
46 3.07605e+11
47 2.9437e+11
48 2.61319e+11
49 2.44719e+11
50 2.52376e+11
51 2.7223e+11
52 2.05226e+11
53 2.63468e+11
54 2.67963e+11
55 2.55336e+11
56 2.25267e+11
57 1.98958e+11
58 2.28013e+11
59 1.95479e+11
60 2.26268e+11
61 2.04114e+11
62 1.91862e+11
63 1.71162e+11
64 2.11866e+11
65 1.88265e+11
66 1.63114e+11
67 1.84079e+11
68 1.59695e+11
69 2.02716e+11
70 1.69095e+11
71 1.58223e+11
72 1.63047e+11
73 1.58157e+11
74 1.61786e+11
75 1.63976e+11
76 1.43579e+11
77 1.61893e+11
78 1.74606e+11
79 1.44617e+11
80 1.47908e+11
81 1.18198e+11
82 1.31367e+11
83 1.24656e+11
84 1.07044e+11
85 1.33795e+11
86 1.27456e+11
87 1.13038e+11
88 1.10432e+11
89 1.26085e+11
90 1.19755e+11
91 1.19418e+11
92 1.05129e+11
93 1.05361e+11
94 1.14482e+11
95 1.07067e+11
96 1.11915e+11
97 1.04803e+11
98 1.02886e+11
99 9.91249e+10
100 9.1225e+10
101 9.83237e+10
102 8.60144e+10
103 9.26588e+10
104 9.64729e+10
105 8.54022e+10
106 9.43164e+10
107 8.62619e+10
108 8.25547e+10
109 8.87552e+10
110 8.23443e+10
111 8.39016e+10
112 8.3936e+10
113 7.71696e+10
114 7.81182e+10
115 8.11915e+10
116 7.69844e+10
117 7.14925e+10
118 7.13144e+10
119 7.29421e+10
120 7.25745e+10
121 6.7654e+10
122 6.27671e+10
123 6.65422e+10
124 7.33496e+10
125 6.90402e+10
126 6.35531e+10
127 6.6379e+10
128 6.92409e+10
129 5.69197e+10
130 6.10877e+10
131 6.69647e+10
132 5.9939e+10
133 5.71116e+10
134 5.56953e+10
135 6.27019e+10
136 5.89935e+10
137 5.38925e+10
138 5.46724e+10
139 5.81898e+10
140 5.39248e+10
141 5.97252e+10
142 5.3699e+10
143 5.17618e+10
144 5.32714e+10
145 5.24909e+10
146 5.20725e+10
147 5.55583e+10
148 4.98413e+10
149 5.06615e+10
150 5.08268e+10
151 4.79302e+10
152 4.93105e+10
153 4.84318e+10
154 5.16706e+10
155 4.82006e+10
156 4.85827e+10
157 4.51332e+10
158 4.21366e+10
159 4.59943e+10
160 4.41633e+10
161 4.19942e+10
162 4.25395e+10
163 4.3799e+10
164 4.20724e+10
165 4.08125e+10
166 3.81335e+10
167 4.21441e+10
168 3.90969e+10
169 4.45576e+10
170 4.06025e+10
171 4.18195e+10
172 4.00157e+10
173 3.88571e+10
174 3.8616e+10
175 3.96632e+10
176 4.11943e+10
177 3.63579e+10
178 3.822e+10
179 3.65751e+10
180 3.40041e+10
181 3.60959e+10
182 3.88993e+10
183 3.60475e+10
184 3.66422e+10
185 3.4254e+10
186 3.57029e+10
187 3.47124e+10
188 3.36687e+10
189 3.26602e+10
190 3.42545e+10
191 3.22101e+10
192 3.21753e+10
193 3.32719e+10
194 3.18384e+10
195 2.87813e+10
196 3.06048e+10
197 3.23022e+10
198 2.95662e+10
199 3.12268e+10
200 2.83306e+10
201 3.0953e+10
202 2.96292e+10
203 3.36375e+10
204 2.87386e+10
205 2.98303e+10
206 2.95919e+10
207 2.8944e+10
208 2.98446e+10
209 2.93408e+10
210 2.88975e+10
211 2.71422e+10
212 2.65684e+10
213 2.80603e+10
214 2.73789e+10
215 2.74203e+10
216 2.81263e+10
217 2.65024e+10
218 2.68837e+10
219 2.70692e+10
220 2.63761e+10
221 2.64751e+10
222 2.70761e+10
223 2.67553e+10
224 2.79617e+10
225 2.67402e+10
226 2.53947e+10
227 2.44667e+10
228 2.54188e+10
229 2.48324e+10
230 2.5355e+10
231 2.43651e+10
232 2.39945e+10
233 2.48096e+10
234 2.49018e+10
235 2.58552e+10
236 2.3157e+10
237 2.65308e+10
238 2.46267e+10
239 2.44083e+10
240 2.33913e+10
241 2.38035e+10
242 2.21801e+10
243 2.3495e+10
244 2.15237e+10
245 2.29831e+10
246 2.37371e+10
247 2.44991e+10
248 2.2466e+10
249 2.20509e+10
250 2.20224e+10
251 2.26288e+10
252 2.24247e+10
253 2.17225e+10
254 2.11534e+10
255 2.07985e+10
256 2.20598e+10
257 2.19143e+10
258 2.04325e+10
259 2.15588e+10
260 2.16174e+10
261 2.04712e+10
262 2.04582e+10
263 1.93996e+10
264 2.04667e+10
265 2.06987e+10
266 2.11104e+10
267 2.18571e+10
268 1.94682e+10
269 1.98765e+10
270 2.06441e+10
271 1.85873e+10
272 1.99578e+10
273 2.02992e+10
274 1.90657e+10
275 2.00106e+10
276 1.9135e+10
277 1.90186e+10
278 1.90758e+10
279 1.87428e+10
280 1.91693e+10
281 1.82276e+10
282 1.88588e+10
283 1.75958e+10
284 1.80737e+10
285 1.7588e+10
286 1.72097e+10
287 1.70886e+10
288 1.77622e+10
289 1.75501e+10
290 1.66203e+10
291 1.67033e+10
292 1.71034e+10
293 1.71535e+10
294 1.71651e+10
295 1.7881e+10
296 1.69637e+10
297 1.67884e+10
298 1.67512e+10
299 1.51511e+10
300 1.61357e+10
301 1.5826e+10
302 1.66921e+10
303 1.60699e+10
304 1.63126e+10
305 1.57287e+10
306 1.77575e+10
307 1.63042e+10
308 1.58733e+10
309 1.50935e+10
310 1.47913e+10
311 1.59457e+10
312 1.46513e+10
313 1.53679e+10
314 1.61173e+10
315 1.54339e+10
316 1.57697e+10
317 1.50506e+10
318 1.41503e+10
319 1.61283e+10
320 1.49745e+10
321 1.46922e+10
322 1.47764e+10
323 1.42591e+10
324 1.40088e+10
325 1.48009e+10
326 1.4098e+10
327 1.47426e+10
328 1.36461e+10
329 1.42631e+10
330 1.45532e+10
331 1.41144e+10
332 1.44882e+10
333 1.4023e+10
334 1.33139e+10
335 1.3729e+10
336 1.37721e+10
337 1.29741e+10
338 1.37289e+10
339 1.32862e+10
340 1.34416e+10
341 1.27918e+10
342 1.27867e+10
343 1.31678e+10
344 1.24705e+10
345 1.21703e+10
346 1.25408e+10
347 1.24073e+10
348 1.33301e+10
349 1.25313e+10
350 1.26294e+10
351 1.27259e+10
352 1.23764e+10
353 1.18978e+10
354 1.24732e+10
355 1.20033e+10
356 1.26042e+10
357 1.16711e+10
358 1.28498e+10
359 1.24676e+10
360 1.1655e+10
361 1.21858e+10
362 1.18284e+10
363 1.18767e+10
364 1.21341e+10
365 1.15418e+10
366 1.09147e+10
367 1.12494e+10
368 1.15502e+10
369 1.08403e+10
370 1.11045e+10
371 1.19222e+10
372 1.14735e+10
373 1.10137e+10
374 1.06596e+10
375 1.11869e+10
376 1.09151e+10
377 1.11699e+10
378 1.10538e+10
379 1.03586e+10
380 1.10371e+10
381 1.02239e+10
382 1.091e+10
383 1.06854e+10
384 1.06934e+10
385 1.07019e+10
386 1.09123e+10
387 1.08948e+10
388 1.00937e+10
389 1.00693e+10
390 1.07214e+10
391 9.94876e+09
392 1.00806e+10
393 9.27362e+09
394 1.0247e+10
395 9.99352e+09
396 1.00601e+10
397 9.9315e+09
398 9.7171e+09
399 9.65703e+09
400 9.64795e+09
401 9.88424e+09
402 9.71701e+09
403 9.18028e+09
404 9.80761e+09
405 9.48185e+09
406 9.05248e+09
407 9.46458e+09
408 8.95499e+09
409 9.1278e+09
410 9.42689e+09
411 8.76867e+09
412 8.77137e+09
413 9.32024e+09
414 9.10544e+09
415 9.24982e+09
416 9.29523e+09
417 8.60893e+09
418 8.64498e+09
419 8.733e+09
420 8.77225e+09
421 8.93392e+09
422 9.06787e+09
423 8.67474e+09
424 8.44279e+09
425 7.99863e+09
426 8.30178e+09
427 8.4558e+09
428 8.25266e+09
429 8.73384e+09
430 8.44783e+09
431 7.86835e+09
432 8.01889e+09
433 8.24103e+09
434 8.0847e+09
435 7.7425e+09
436 8.04776e+09
437 8.03205e+09
438 7.66043e+09
439 7.73961e+09
440 7.45892e+09
441 7.79719e+09
442 7.69744e+09
443 7.39635e+09
444 7.76928e+09
445 7.64327e+09
446 7.69653e+09
447 7.56089e+09
448 7.68876e+09
449 7.22541e+09
450 7.69501e+09
451 7.46902e+09
452 6.96622e+09
453 7.41594e+09
454 6.76503e+09
455 7.56477e+09
456 7.14233e+09
457 7.22691e+09
458 7.17067e+09
459 6.81977e+09
460 6.99581e+09
461 6.79208e+09
462 6.95226e+09
463 6.57943e+09
464 7.1084e+09
465 6.71916e+09
466 6.72527e+09
467 6.84432e+09
468 6.47475e+09
469 6.76706e+09
470 6.58484e+09
471 6.54127e+09
472 6.66321e+09
473 6.69626e+09
474 6.57046e+09
475 6.32866e+09
476 6.25223e+09
477 6.49629e+09
478 6.55942e+09
479 6.60953e+09
480 6.47377e+09
481 6.40277e+09
482 6.2638e+09
483 6.15856e+09
484 6.26871e+09
485 6.11499e+09
486 6.19273e+09
487 6.26065e+09
488 6.13854e+09
489 6.0912e+09
490 5.93915e+09
491 6.04956e+09
492 6.03016e+09
493 6.05601e+09
494 5.71042e+09
495 5.73312e+09
496 5.68811e+09
497 6.00323e+09
498 5.7384e+09
499 5.86823e+09
500 5.72049e+09
501 5.51659e+09
502 5.56206e+09
503 5.54374e+09
504 5.48975e+09
505 5.58126e+09
506 5.58649e+09
507 5.51318e+09
508 5.5035e+09
509 5.38493e+09
510 5.36252e+09
511 5.33177e+09
512 5.45814e+09
513 5.11756e+09
514 5.37996e+09
515 5.14141e+09
516 5.37567e+09
517 5.11487e+09
518 4.99164e+09
519 4.9487e+09
520 5.08417e+09
521 5.02873e+09
522 5.03392e+09
523 4.94549e+09
524 4.83638e+09
525 4.91723e+09
526 4.90585e+09
527 4.84792e+09
528 5.09524e+09
529 4.77887e+09
530 4.8717e+09
531 5.02918e+09
532 4.89354e+09
533 4.77743e+09
534 4.60837e+09
535 4.64261e+09
536 4.81203e+09
537 5.01328e+09
538 4.82709e+09
539 4.65041e+09
540 4.45241e+09
541 4.59423e+09
542 4.72732e+09
543 4.47576e+09
544 4.6049e+09
545 4.57697e+09
546 4.5595e+09
547 4.52339e+09
548 4.53376e+09
549 4.35817e+09
550 4.29334e+09
551 4.35991e+09
552 4.33469e+09
553 4.42159e+09
554 4.3837e+09
555 4.24625e+09
556 4.36957e+09
557 4.33877e+09
558 4.091e+09
559 4.47263e+09
560 4.25236e+09
561 4.17103e+09
562 4.07979e+09
563 4.2012e+09
564 4.13078e+09
565 4.19386e+09
566 4.16592e+09
567 4.0989e+09
568 4.0308e+09
569 4.07288e+09
570 4.12682e+09
571 3.8682e+09
572 3.9359e+09
573 3.94544e+09
574 3.99852e+09
575 3.86496e+09
576 3.92715e+09
577 3.80075e+09
578 3.97224e+09
579 3.86532e+09
580 3.769e+09
581 3.74768e+09
582 3.7585e+09
583 3.79618e+09
584 3.94107e+09
585 3.76184e+09
586 3.61832e+09
587 3.78379e+09
588 3.58734e+09
589 3.53604e+09
590 3.71881e+09
591 3.69016e+09
592 3.67276e+09
593 3.53583e+09
594 3.76289e+09
595 3.4492e+09
596 3.53638e+09
597 3.52499e+09
598 3.40664e+09
599 3.49499e+09
600 3.46226e+09
601 3.29237e+09
602 3.47416e+09
603 3.36961e+09
604 3.46015e+09
605 3.44062e+09
606 3.40684e+09
607 3.28337e+09
608 3.31186e+09
609 3.34087e+09
610 3.22598e+09
611 3.33042e+09
612 3.302e+09
613 3.10888e+09
614 3.28745e+09
615 3.25481e+09
616 3.21816e+09
617 3.15294e+09
618 3.18979e+09
619 3.21358e+09
620 3.10786e+09
621 3.04918e+09
622 3.07604e+09
623 3.04265e+09
624 3.00132e+09
625 3.11306e+09
626 3.015e+09
627 3.0984e+09
628 2.96724e+09
629 2.9012e+09
630 3.041e+09
631 2.91272e+09
632 2.99602e+09
633 2.86883e+09
634 2.91424e+09
635 2.83691e+09
636 2.79614e+09
637 2.88711e+09
638 2.91944e+09
639 2.86051e+09
640 2.78424e+09
641 2.91335e+09
642 2.74474e+09
643 2.84384e+09
644 2.7755e+09
645 2.76609e+09
646 2.70629e+09
647 2.73367e+09
648 2.72378e+09
649 2.64155e+09
650 2.68315e+09
651 2.79335e+09
652 2.56583e+09
653 2.68137e+09
654 2.62191e+09
655 2.60904e+09
656 2.6115e+09
657 2.65515e+09
658 2.63292e+09
659 2.61179e+09
660 2.62918e+09
661 2.55403e+09
662 2.67272e+09
663 2.53615e+09
664 2.52395e+09
665 2.53791e+09
666 2.51993e+09
667 2.52609e+09
668 2.47173e+09
669 2.44745e+09
670 2.52607e+09
671 2.47578e+09
672 2.46461e+09
673 2.43193e+09
674 2.37149e+09
675 2.45454e+09
676 2.35341e+09
677 2.33718e+09
678 2.36512e+09
679 2.39882e+09
680 2.3254e+09
681 2.28579e+09
682 2.36726e+09
683 2.33681e+09
684 2.3055e+09
685 2.32134e+09
686 2.2078e+09
687 2.29115e+09
688 2.23352e+09
689 2.31763e+09
690 2.2774e+09
691 2.18855e+09
692 2.17278e+09
693 2.27852e+09
694 2.27638e+09
695 2.14152e+09
696 2.21684e+09
697 2.14048e+09
698 2.07148e+09
699 2.16846e+09
700 2.20527e+09
701 2.06499e+09
702 2.1499e+09
703 2.05277e+09
704 2.12002e+09
705 2.0111e+09
706 2.04075e+09
707 2.11585e+09
708 2.08964e+09
709 2.05369e+09
710 2.09025e+09
711 1.9662e+09
712 2.00271e+09
713 2.05609e+09
714 2.03348e+09
715 1.97258e+09
716 1.9719e+09
717 1.99036e+09
718 1.97718e+09
719 1.89658e+09
720 1.92861e+09
721 1.9485e+09
722 1.89976e+09
723 1.95282e+09
724 1.94682e+09
725 1.88918e+09
726 1.92201e+09
727 1.91767e+09
728 1.92184e+09
729 1.89163e+09
730 1.93271e+09
731 1.83873e+09
732 1.89909e+09
733 1.86453e+09
734 1.78618e+09
735 1.83076e+09
736 1.77475e+09
737 1.81419e+09
738 1.83465e+09
739 1.80656e+09
740 1.77391e+09
741 1.68336e+09
742 1.69424e+09
743 1.77199e+09
744 1.81778e+09
745 1.71625e+09
746 1.7494e+09
747 1.70372e+09
748 1.73254e+09
749 1.70711e+09
750 1.7513e+09
751 1.71835e+09
752 1.69628e+09
753 1.62947e+09
754 1.65737e+09
755 1.729e+09
756 1.68922e+09
757 1.61377e+09
758 1.72344e+09
759 1.62012e+09
760 1.68539e+09
761 1.63818e+09
762 1.65514e+09
763 1.63429e+09
764 1.67449e+09
765 1.63787e+09
766 1.57687e+09
767 1.62073e+09
768 1.61915e+09
769 1.56282e+09
770 1.62869e+09
771 1.61882e+09
772 1.54776e+09
773 1.62223e+09
774 1.50576e+09
775 1.58616e+09
776 1.52081e+09
777 1.48756e+09
778 1.4917e+09
779 1.50187e+09
780 1.49575e+09
781 1.56085e+09
782 1.52957e+09
783 1.53051e+09
784 1.43699e+09
785 1.48729e+09
786 1.40051e+09
787 1.46231e+09
788 1.51315e+09
789 1.46281e+09
790 1.44272e+09
791 1.42621e+09
792 1.4891e+09
793 1.3954e+09
794 1.39919e+09
795 1.37594e+09
796 1.37047e+09
797 1.37154e+09
798 1.39119e+09
799 1.38559e+09
800 1.40358e+09
801 1.38819e+09
802 1.43424e+09
803 1.41646e+09
804 1.38012e+09
805 1.36913e+09
806 1.36177e+09
807 1.3474e+09
808 1.3633e+09
809 1.35356e+09
810 1.35212e+09
811 1.31333e+09
812 1.35869e+09
813 1.35624e+09
814 1.31983e+09
815 1.3612e+09
816 1.35308e+09
817 1.29709e+09
818 1.28131e+09
819 1.30717e+09
820 1.30601e+09
821 1.26291e+09
822 1.28386e+09
823 1.28499e+09
824 1.26658e+09
825 1.28316e+09
826 1.25569e+09
827 1.249e+09
828 1.23943e+09
829 1.22993e+09
830 1.26226e+09
831 1.2167e+09
832 1.22685e+09
833 1.20142e+09
834 1.16768e+09
835 1.22251e+09
836 1.22472e+09
837 1.20523e+09
838 1.25299e+09
839 1.22453e+09
840 1.19095e+09
841 1.20263e+09
842 1.20046e+09
843 1.12958e+09
844 1.17187e+09
845 1.16855e+09
846 1.15473e+09
847 1.18843e+09
848 1.12126e+09
849 1.15476e+09
850 1.1583e+09
851 1.09791e+09
852 1.16297e+09
853 1.15485e+09
854 1.12284e+09
855 1.14519e+09
856 1.1429e+09
857 1.15562e+09
858 1.11443e+09
859 1.09265e+09
860 1.12208e+09
861 1.05302e+09
862 1.13725e+09
863 1.14182e+09
864 1.10808e+09
865 1.10568e+09
866 1.08598e+09
867 1.03498e+09
868 1.0641e+09
869 1.07258e+09
870 1.02908e+09
871 1.0756e+09
872 1.04211e+09
873 1.03935e+09
874 1.06675e+09
875 1.06054e+09
876 1.03449e+09
877 1.07327e+09
878 1.05922e+09
879 1.03483e+09
880 1.01879e+09
881 1.03042e+09
882 1.03312e+09
883 1.03188e+09
884 1.08068e+09
885 1.04144e+09
886 9.99062e+08
887 1.01693e+09
888 1.01737e+09
889 9.83736e+08
890 1.03254e+09
891 1.00369e+09
892 1.01313e+09
893 9.75844e+08
894 1.01002e+09
895 9.88055e+08
896 9.90243e+08
897 1.01387e+09
898 9.80311e+08
899 9.66795e+08
900 9.76259e+08
901 9.49924e+08
902 9.74311e+08
903 9.76612e+08
904 9.8237e+08
905 9.94019e+08
906 9.55566e+08
907 1.00603e+09
908 9.59711e+08
909 9.77194e+08
910 9.67517e+08
911 9.3046e+08
912 9.43989e+08
913 9.49984e+08
914 9.32272e+08
915 9.25174e+08
916 9.5606e+08
917 9.54937e+08
918 9.20097e+08
919 9.18415e+08
920 9.17633e+08
921 9.0784e+08
922 9.33762e+08
923 9.13421e+08
924 9.09936e+08
925 9.0085e+08
926 8.96707e+08
927 9.06277e+08
928 9.31315e+08
929 9.15987e+08
930 9.05627e+08
931 8.8874e+08
932 9.35302e+08
933 9.04478e+08
934 8.94625e+08
935 8.87463e+08
936 9.02738e+08
937 8.99573e+08
938 8.6881e+08
939 8.96573e+08
940 9.01937e+08
941 8.86052e+08
942 8.75608e+08
943 9.09136e+08
944 8.64637e+08
945 9.26233e+08
946 8.88675e+08
947 8.49228e+08
948 8.43336e+08
949 8.67507e+08
950 8.96795e+08
951 8.29674e+08
952 8.75814e+08
953 8.5034e+08
954 8.33415e+08
955 8.56326e+08
956 8.5765e+08
957 8.36809e+08
958 8.3899e+08
959 8.37399e+08
960 8.3212e+08
961 8.43392e+08
962 8.28989e+08
963 8.27566e+08
964 8.57304e+08
965 8.41307e+08
966 8.48847e+08
967 8.27574e+08
968 8.24842e+08
969 8.37511e+08
970 8.39182e+08
971 8.15794e+08
972 8.00746e+08
973 8.24402e+08
974 8.11705e+08
975 8.14588e+08
976 8.07183e+08
977 8.21269e+08
978 8.0781e+08
979 8.07335e+08
980 7.96605e+08
981 7.76801e+08
982 8.24821e+08
983 7.87383e+08
984 8.02453e+08
985 8.2649e+08
986 8.2304e+08
987 8.23735e+08
988 7.8066e+08
989 7.77399e+08
990 7.8536e+08
991 7.83532e+08
992 7.78357e+08
993 7.88633e+08
994 7.85384e+08
995 8.02632e+08
996 7.7104e+08
997 7.95679e+08
998 7.67367e+08
999 7.7337e+08
1000 7.61569e+08
1001 7.74939e+08
1002 7.62464e+08
1003 7.53944e+08
1004 7.69644e+08
1005 7.65571e+08
1006 7.90424e+08
1007 7.67941e+08
1008 7.63534e+08
1009 7.71489e+08
1010 7.39967e+08
1011 7.61913e+08
1012 7.6794e+08
1013 7.77406e+08
1014 7.71277e+08
1015 7.48912e+08
1016 7.68962e+08
1017 7.71795e+08
1018 7.76821e+08
1019 7.34528e+08
1020 7.72287e+08
1021 7.61223e+08
1022 7.41067e+08
1023 7.44272e+08
1024 7.40634e+08
